time,right_j0,right_j1,right_j2,right_j3,right_j4,right_j5,right_j6,right_gripper
0.154932000000,0.079055827569,-0.892282322545,0.000000000000,2.094855211427,0.000000000000,0.026297173547,0.000000000000,0.040207560420
0.155335000000,0.078304954263,-0.892342984541,0.000000000000,2.094735701536,0.000000000000,0.027300091846,0.000000000000,0.040207560420
0.165416000000,0.077239462189,-0.892431390068,0.000000000000,2.094563061655,0.000000000000,0.028727060228,0.000000000000,0.040207560420
0.175412000000,0.075908216521,-0.892546213662,0.000000000000,2.094341682041,0.000000000000,0.030517467086,0.000000000000,0.040207560420
0.185418000000,0.074359863375,-0.892686311712,0.000000000000,2.094075714314,0.000000000000,0.032611846848,0.000000000000,0.040207560420
0.196754000000,0.072645196325,-0.892850733569,0.000000000000,2.093769115426,0.000000000000,0.034949594246,0.000000000000,0.040207560420
0.205774000000,0.070803429549,-0.893038443173,0.000000000000,2.093425212218,0.000000000000,0.037484281362,0.000000000000,0.040207560420
0.215797000000,0.068872018762,-0.893248511662,0.000000000000,2.093046866354,0.000000000000,0.040172934628,0.000000000000,0.040207560420
0.225791000000,0.066882050830,-0.893480044224,0.000000000000,2.092636236226,0.000000000000,0.042981050704,0.000000000000,0.040207560420
0.235741000000,0.064857704900,-0.893732179110,0.000000000000,2.092194693224,0.000000000000,0.045883051788,0.000000000000,0.040207560420
0.245800000000,0.062816783260,-0.894004089979,0.000000000000,2.091722836557,0.000000000000,0.048861543011,0.000000000000,0.040207560420
0.255750000000,0.060771361287,-0.894294952189,0.000000000000,2.091220706800,0.000000000000,0.051906046570,0.000000000000,0.040207560420
0.265748000000,0.058729365930,-0.894603910130,0.000000000000,2.090688043582,0.000000000000,0.055010811430,0.000000000000,0.040207560420
0.275732000000,0.056695815802,-0.894930026337,0.000000000000,2.090124584234,0.000000000000,0.058172891510,0.000000000000,0.040207560420
0.285824000000,0.054673904134,-0.895272240005,0.000000000000,2.089530242626,0.000000000000,0.061390720662,0.000000000000,0.040207560420
0.295749000000,0.052665614526,-0.895629334384,0.000000000000,2.088905270109,0.000000000000,0.064663188311,0.000000000000,0.040207560420
0.305763000000,0.050672235767,-0.895999906738,0.000000000000,2.088250243827,0.000000000000,0.067989301596,0.000000000000,0.040207560420
0.315721000000,0.048694562832,-0.896382350989,0.000000000000,2.087566096073,0.000000000000,0.071368029172,0.000000000000,0.040207560420
0.325521000000,0.046733014817,-0.896774870145,0.000000000000,2.086854092481,0.000000000000,0.074798335347,0.000000000000,0.040207560420
0.335540000000,0.044787750960,-0.897175460164,0.000000000000,2.086115765279,0.000000000000,0.078279444825,0.000000000000,0.040207560420
0.345602000000,0.042858664519,-0.897581987654,0.000000000000,2.085352868492,0.000000000000,0.081811026746,0.000000000000,0.040207560420
0.355583000000,0.040945377277,-0.897992297560,0.000000000000,2.084567304498,0.000000000000,0.085393381477,0.000000000000,0.040207560420
0.365660000000,0.039047247053,-0.898404260194,0.000000000000,2.083761062727,0.000000000000,0.089027682433,0.000000000000,0.040207560420
0.375646000000,0.037163365242,-0.898815854557,0.000000000000,2.082936151032,0.000000000000,0.092715942366,0.000000000000,0.040207560420
0.385622000000,0.035292586259,-0.899225164379,0.000000000000,2.082094543392,0.000000000000,0.096460919702,0.000000000000,0.040207560420
0.395650000000,0.033433568474,-0.899630353593,0.000000000000,2.081238128344,0.000000000000,0.100265851157,0.000000000000,0.040207560420
0.405644000000,0.031584831671,-0.900029658694,0.000000000000,2.080368645220,0.000000000000,0.104133980854,0.000000000000,0.040207560420
0.415770000000,0.029744790520,-0.900421319961,0.000000000000,2.079487643775,0.000000000000,0.108068315234,0.000000000000,0.040207560420
0.425680000000,0.027911826668,-0.900803620978,0.000000000000,2.078596419339,0.000000000000,0.112071166890,0.000000000000,0.040207560420
0.435669000000,0.026084287710,-0.901174789518,0.000000000000,2.077695998579,0.000000000000,0.116144323989,0.000000000000,0.040207560420
0.445707000000,0.024260518226,-0.901532982225,0.000000000000,2.076787104049,0.000000000000,0.120289068298,0.000000000000,0.040207560420
0.455710000000,0.022438898617,-0.901876300736,0.000000000000,2.075870125125,0.000000000000,0.124506210859,0.000000000000,0.040207560420
0.465718000000,0.020617855891,-0.902202790675,0.000000000000,2.074945098742,0.000000000000,0.128796221823,0.000000000000,0.040207560420
0.475708000000,0.018795866293,-0.902510480325,0.000000000000,2.074011708008,0.000000000000,0.133159328485,0.000000000000,0.040207560420
0.485748000000,0.016971430366,-0.902797425103,0.000000000000,2.073069295548,0.000000000000,0.137595641269,0.000000000000,0.040207560420
0.495721000000,0.015143074241,-0.903061851417,0.000000000000,2.072116924687,0.000000000000,0.142105143207,0.000000000000,0.040207560420
0.505717000000,0.013309318635,-0.903302257811,0.000000000000,2.071153429509,0.000000000000,0.146687740023,0.000000000000,0.040207560420
0.515706000000,0.011468670996,-0.903517548503,0.000000000000,2.070177487716,0.000000000000,0.151343227815,0.000000000000,0.040207560420
0.525726000000,0.009619608570,-0.903707112208,0.000000000000,2.069187681398,0.000000000000,0.156071293090,0.000000000000,0.040207560420
0.535725000000,0.007760589983,-0.903870876190,0.000000000000,2.068182586158,0.000000000000,0.160871466761,0.000000000000,0.040207560420
0.545832000000,0.005890044617,-0.904009295224,0.000000000000,2.067160834830,0.000000000000,0.165743131381,0.000000000000,0.040207560420
0.555721000000,0.004006481862,-0.904123365901,0.000000000000,2.066121301884,0.000000000000,0.170685311374,0.000000000000,0.040207560420
0.565729000000,0.002108448010,-0.904214564414,0.000000000000,2.065063123459,0.000000000000,0.175696721672,0.000000000000,0.040207560420
0.575716000000,0.000194583590,-0.904284809157,0.000000000000,2.063985799465,0.000000000000,0.180775642203,0.000000000000,0.040207560420
0.585732000000,-0.001736385598,-0.904336389312,0.000000000000,2.062889204928,0.000000000000,0.185919901812,0.000000000000,0.040207560420
0.595726000000,-0.003685648947,-0.904371853917,0.000000000000,2.061773568420,0.000000000000,0.191126868230,0.000000000000,0.040207560420
0.605738000000,-0.005654338852,-0.904393882036,0.000000000000,2.060639402970,0.000000000000,0.196393471375,0.000000000000,0.040207560420
0.615704000000,-0.007643531055,-0.904405125189,0.000000000000,2.059487428938,0.000000000000,0.201716214583,0.000000000000,0.040207560420
0.625717000000,-0.009654278832,-0.904408089990,0.000000000000,2.058318487006,0.000000000000,0.207091196648,0.000000000000,0.040207560420
0.635690000000,-0.011687597072,-0.904405020309,0.000000000000,2.057133468188,0.000000000000,0.212514143183,0.000000000000,0.040207560420
0.645728000000,-0.013744484377,-0.904397853776,0.000000000000,2.055933250994,0.000000000000,0.217980447821,0.000000000000,0.040207560420
0.655709000000,-0.015825869901,-0.904388177777,0.000000000000,2.054718657355,0.000000000000,0.223485260981,0.000000000000,0.040207560420
0.665703000000,-0.017932589785,-0.904377241968,0.000000000000,2.053490417106,0.000000000000,0.229023561987,0.000000000000,0.040207560420
0.675919000000,-0.020065379327,-0.904365988495,0.000000000000,2.052249136238,0.000000000000,0.234590175994,0.000000000000,0.040207560420
0.685759000000,-0.022224677603,-0.904355031482,0.000000000000,2.050995299385,0.000000000000,0.240180029744,0.000000000000,0.040207560420
0.695699000000,-0.024410709111,-0.904344730123,0.000000000000,2.049729242886,0.000000000000,0.245788063041,0.000000000000,0.040207560420
0.705723000000,-0.026623460945,-0.904335221749,0.000000000000,2.048451146613,0.000000000000,0.251409271839,0.000000000000,0.040207560420
0.715711000000,-0.028862668477,-0.904326466017,0.000000000000,2.047161041618,0.000000000000,0.257038785880,0.000000000000,0.040207560420
0.725724000000,-0.031127848638,-0.904318298568,0.000000000000,2.045858813336,0.000000000000,0.262671869330,0.000000000000,0.040207560420
0.735584000000,-0.033418310470,-0.904310488325,0.000000000000,2.044544234372,0.000000000000,0.268304017008,0.000000000000,0.040207560420
0.745653000000,-0.035733223790,-0.904302778849,0.000000000000,2.043216941470,0.000000000000,0.273930811044,0.000000000000,0.040207560420
0.755680000000,-0.038071625749,-0.904294933298,0.000000000000,2.041876482262,0.000000000000,0.279548046511,0.000000000000,0.040207560420
0.765711000000,-0.040432463488,-0.904286760038,0.000000000000,2.040522330509,0.000000000000,0.285151722577,0.000000000000,0.040207560420
0.775708000000,-0.042814634784,-0.904278125942,0.000000000000,2.039153917180,0.000000000000,0.290738075085,0.000000000000,0.040207560420
0.785709000000,-0.045217034203,-0.904268956019,0.000000000000,2.037770657391,0.000000000000,0.296303579048,0.000000000000,0.040207560420
0.795695000000,-0.047638596368,-0.904259225115,0.000000000000,2.036371993324,0.000000000000,0.301844984010,0.000000000000,0.040207560420
0.805869000000,-0.050078344246,-0.904248944089,0.000000000000,2.034957407246,0.000000000000,0.307359253037,0.000000000000,0.040207560420
0.815813000000,-0.052535414821,-0.904238145852,0.000000000000,2.033526526758,0.000000000000,0.312843778082,0.000000000000,0.040207560420
0.825468000000,-0.055009084941,-0.904226871069,0.000000000000,2.032079152623,0.000000000000,0.318296399982,0.000000000000,0.040207560420
0.835674000000,-0.057498844597,-0.904215158957,0.000000000000,2.030615165480,0.000000000000,0.323715056874,0.000000000000,0.040207560420
0.845675000000,-0.060004381511,-0.904203040070,0.000000000000,2.029134629962,0.000000000000,0.329098091945,0.000000000000,0.040207560420
0.855657000000,-0.062525608167,-0.904190533156,0.000000000000,2.027637760189,0.000000000000,0.334444140534,0.000000000000,0.040207560420
0.865706000000,-0.065062683710,-0.904177644021,0.000000000000,2.026124898209,0.000000000000,0.339752060720,0.000000000000,0.040207560420
0.875790000000,-0.067616020162,-0.904164365889,0.000000000000,2.024596500045,0.000000000000,0.345020904389,0.000000000000,0.040207560420
0.885746000000,-0.070186257099,-0.904150681234,0.000000000000,2.023053121869,0.000000000000,0.350249925680,0.000000000000,0.040207560420
0.895731000000,-0.072774285072,-0.904136562425,0.000000000000,2.021495384740,0.000000000000,0.355438482687,0.000000000000,0.040207560420
0.905769000000,-0.075381247166,-0.904121972293,0.000000000000,2.019923944801,0.000000000000,0.360585989441,0.000000000000,0.040207560420
0.915720000000,-0.078008489029,-0.904106865347,0.000000000000,2.018339462182,0.000000000000,0.365691920919,0.000000000000,0.040207560420
0.925756000000,-0.080657579428,-0.904091185908,0.000000000000,2.016742556753,0.000000000000,0.370755718951,0.000000000000,0.040207560420
0.935808000000,-0.083330255160,-0.904074867316,0.000000000000,2.015133767698,0.000000000000,0.375776778286,0.000000000000,0.040207560420
0.945769000000,-0.086028337679,-0.904057831322,0.000000000000,2.013513515775,0.000000000000,0.380754447996,0.000000000000,0.040207560420
0.955689000000,-0.088753699540,-0.904039985385,0.000000000000,2.011882066106,0.000000000000,0.385687983559,0.000000000000,0.040207560420
0.965773000000,-0.091508297184,-0.904021216602,0.000000000000,2.010239484825,0.000000000000,0.390576442685,0.000000000000,0.040207560420
0.975820000000,-0.094294057220,-0.904001391777,0.000000000000,2.008585630947,0.000000000000,0.395418737389,0.000000000000,0.040207560420
0.985783000000,-0.097112829669,-0.903980355905,0.000000000000,2.006920159510,0.000000000000,0.400213640186,0.000000000000,0.040207560420
0.995720000000,-0.099966390946,-0.903957928495,0.000000000000,2.005242529423,0.000000000000,0.404959754649,0.000000000000,0.040207560420
1.005740000000,-0.102856469816,-0.903933897636,0.000000000000,2.003552013472,0.000000000000,0.409655465081,0.000000000000,0.040207560420
1.015716000000,-0.105784674277,-0.903908021145,0.000000000000,2.001847757340,0.000000000000,0.414299005539,0.000000000000,0.040207560420
1.025715000000,-0.108752497601,-0.903880021809,0.000000000000,2.000128816921,0.000000000000,0.418888439185,0.000000000000,0.040207560420
1.035696000000,-0.111761279013,-0.903849586771,0.000000000000,1.998394217560,0.000000000000,0.423421695854,0.000000000000,0.040207560420
1.045738000000,-0.114812216468,-0.903816361616,0.000000000000,1.996642986313,0.000000000000,0.427896540897,0.000000000000,0.040207560420
1.055696000000,-0.117906297833,-0.903779956933,0.000000000000,1.994874221997,0.000000000000,0.432310675276,0.000000000000,0.040207560420
1.065830000000,-0.121044397936,-0.903739931871,0.000000000000,1.993087071571,0.000000000000,0.436661582090,0.000000000000,0.040207560420
1.075713000000,-0.124227124598,-0.903695823994,0.000000000000,1.991280835640,0.000000000000,0.440946817004,0.000000000000,0.040207560420
1.085722000000,-0.127454972623,-0.903647125377,0.000000000000,1.989454900560,0.000000000000,0.445163767091,0.000000000000,0.040207560420
1.095717000000,-0.130728283647,-0.903593297058,0.000000000000,1.987608771176,0.000000000000,0.449309764202,0.000000000000,0.040207560420
1.105710000000,-0.134047263153,-0.903533773533,0.000000000000,1.985742068257,0.000000000000,0.453382097234,0.000000000000,0.040207560420
1.115711000000,-0.137411994386,-0.903467967863,0.000000000000,1.983854524599,0.000000000000,0.457378028568,0.000000000000,0.040207560420
1.125796000000,-0.140822470213,-0.903395269752,0.000000000000,1.981945969869,0.000000000000,0.461294760154,0.000000000000,0.040207560420
1.135701000000,-0.144278524819,-0.903315078848,0.000000000000,1.980016364457,0.000000000000,0.465129664953,0.000000000000,0.040207560420
1.146095000000,-0.147780039474,-0.903226734700,0.000000000000,1.978065695705,0.000000000000,0.468879770661,0.000000000000,0.040207560420
1.155737000000,-0.151326607509,-0.903129662187,0.000000000000,1.976094135331,0.000000000000,0.472542790502,0.000000000000,0.040207560420
1.165705000000,-0.154917863942,-0.903023246776,0.000000000000,1.974101875549,0.000000000000,0.476116239759,0.000000000000,0.040207560420
1.175718000000,-0.158553421445,-0.902906869805,0.000000000000,1.972089153698,0.000000000000,0.479597695430,0.000000000000,0.040207560420
1.185729000000,-0.162232876828,-0.902779915969,0.000000000000,1.970056241458,0.000000000000,0.482984859439,0.000000000000,0.040207560420
1.195795000000,-0.165955842981,-0.902641767685,0.000000000000,1.968003422504,0.000000000000,0.486275539542,0.000000000000,0.040207560420
1.205725000000,-0.169721914946,-0.902491832886,0.000000000000,1.965930997709,0.000000000000,0.489467840705,0.000000000000,0.040207560420
1.215674000000,-0.173530722794,-0.902329525768,0.000000000000,1.963839254796,0.000000000000,0.492560062444,0.000000000000,0.040207560420
1.225725000000,-0.177381961794,-0.902154256731,0.000000000000,1.961728448857,0.000000000000,0.495550665017,0.000000000000,0.040207560420
1.235729000000,-0.181275361345,-0.901965454581,0.000000000000,1.959598809024,0.000000000000,0.498438419076,0.000000000000,0.040207560420
1.245715000000,-0.185210699609,-0.901762562029,0.000000000000,1.957450528073,0.000000000000,0.501222394725,0.000000000000,0.040207560420
1.255772000000,-0.189187832179,-0.901545021372,0.000000000000,1.955283747728,0.000000000000,0.503901902176,0.000000000000,0.040207560420
1.265765000000,-0.193206657928,-0.901312293335,0.000000000000,1.953098571838,0.000000000000,0.506476594559,0.000000000000,0.040207560420
1.275819000000,-0.197267152694,-0.901063835960,0.000000000000,1.950895052670,0.000000000000,0.508946370515,0.000000000000,0.040207560420
1.285805000000,-0.201369327676,-0.900799123477,0.000000000000,1.948673210625,0.000000000000,0.511311457245,0.000000000000,0.040207560420
1.295580000000,-0.205513179424,-0.900517668208,0.000000000000,1.946433059326,0.000000000000,0.513572481543,0.000000000000,0.040207560420
1.305692000000,-0.209698836847,-0.900218930659,0.000000000000,1.944174544666,0.000000000000,0.515730115105,0.000000000000,0.040207560420
1.315728000000,-0.213926421983,-0.899902388832,0.000000000000,1.941897609747,0.000000000000,0.517785341927,0.000000000000,0.040207560420
1.325564000000,-0.218195998775,-0.899567559254,0.000000000000,1.939602221650,0.000000000000,0.519739506276,0.000000000000,0.040207560420
1.335524000000,-0.222507655705,-0.899213940992,0.000000000000,1.937288338487,0.000000000000,0.521594120211,0.000000000000,0.040207560420
1.345529000000,-0.226861466621,-0.898841029654,0.000000000000,1.934955930082,0.000000000000,0.523350906518,0.000000000000,0.040207560420
1.355530000000,-0.231257464122,-0.898448325781,0.000000000000,1.932604992572,0.000000000000,0.525011811958,0.000000000000,0.040207560420
1.365536000000,-0.235695632472,-0.898035332721,0.000000000000,1.930235553814,0.000000000000,0.526578986221,0.000000000000,0.040207560420
1.376345000000,-0.240176113981,-0.897601410121,0.000000000000,1.927847587420,0.000000000000,0.528054478103,0.000000000000,0.040207560420
1.385528000000,-0.244698530584,-0.897146229517,0.000000000000,1.925441302986,0.000000000000,0.529441097753,0.000000000000,0.040207560420
1.395519000000,-0.249262660194,-0.896669309527,0.000000000000,1.923016859140,0.000000000000,0.530741487036,0.000000000000,0.040207560420
1.405495000000,-0.253868188223,-0.896170179929,0.000000000000,1.920574469963,0.000000000000,0.531958409645,0.000000000000,0.040207560420
1.415481000000,-0.258514701043,-0.895648380657,0.000000000000,1.918114408289,0.000000000000,0.533094722664,0.000000000000,0.040207560420
1.425554000000,-0.263201688010,-0.895103451903,0.000000000000,1.915637005790,0.000000000000,0.534153341666,0.000000000000,0.040207560420
1.435542000000,-0.267928488552,-0.894534974060,0.000000000000,1.913142673546,0.000000000000,0.535137263901,0.000000000000,0.040207560420
1.445522000000,-0.272694299631,-0.893942557871,0.000000000000,1.910631898643,0.000000000000,0.536049531673,0.000000000000,0.040207560420
1.455492000000,-0.277498166817,-0.893325851017,0.000000000000,1.908105246441,0.000000000000,0.536893217325,0.000000000000,0.040207560420
1.465506000000,-0.282338986456,-0.892684534230,0.000000000000,1.905563358506,0.000000000000,0.537671401928,0.000000000000,0.040207560420
1.475860000000,-0.287215532322,-0.892018274033,0.000000000000,1.903006944909,0.000000000000,0.538387133647,0.000000000000,0.040207560420
1.485623000000,-0.292126350967,-0.891326907902,0.000000000000,1.900436804705,0.000000000000,0.539043517675,0.000000000000,0.040207560420
1.495557000000,-0.297069859555,-0.890610302254,0.000000000000,1.897853796626,0.000000000000,0.539643613643,0.000000000000,0.040207560420
1.505596000000,-0.302044335872,-0.889868377847,0.000000000000,1.895258836951,0.000000000000,0.540190437444,0.000000000000,0.040207560420
1.515552000000,-0.307047915670,-0.889101153966,0.000000000000,1.892652890330,0.000000000000,0.540686962675,0.000000000000,0.040207560420
1.525558000000,-0.312078605267,-0.888308736536,0.000000000000,1.890036961884,0.000000000000,0.541136102209,0.000000000000,0.040207560420
1.535584000000,-0.317134287076,-0.887491336387,0.000000000000,1.887412087979,0.000000000000,0.541540700770,0.000000000000,0.040207560420
1.545652000000,-0.322212724785,-0.886649279614,0.000000000000,1.884779328523,0.000000000000,0.541903526447,0.000000000000,0.040207560420
1.555675000000,-0.327311576321,-0.885783030656,0.000000000000,1.882139754254,0.000000000000,0.542227263891,0.000000000000,0.040207560420
1.565678000000,-0.332428402482,-0.884893197392,0.000000000000,1.879494439354,0.000000000000,0.542514506857,0.000000000000,0.040207560420
1.575714000000,-0.337560669654,-0.883980533883,0.000000000000,1.876844457568,0.000000000000,0.542767753628,0.000000000000,0.040207560420
1.585782000000,-0.342705757641,-0.883045947475,0.000000000000,1.874190876165,0.000000000000,0.542989403932,0.000000000000,0.040207560420
1.595682000000,-0.347861006667,-0.882090507871,0.000000000000,1.871534734648,0.000000000000,0.543181751592,0.000000000000,0.040207560420
1.605754000000,-0.353023668121,-0.881115432211,0.000000000000,1.868877067009,0.000000000000,0.543346991931,0.000000000000,0.040207560420
1.615534000000,-0.358191017394,-0.880122083113,0.000000000000,1.866218857903,0.000000000000,0.543487207366,0.000000000000,0.040207560420
1.625528000000,-0.363360256090,-0.879111961343,0.000000000000,1.863561084110,0.000000000000,0.543604385082,0.000000000000,0.040207560420
1.635537000000,-0.368528573714,-0.878086696519,0.000000000000,1.860904693783,0.000000000000,0.543700412028,0.000000000000,0.040207560420
1.645519000000,-0.373693177926,-0.877048030927,0.000000000000,1.858250600062,0.000000000000,0.543777075241,0.000000000000,0.040207560420
1.655552000000,-0.378851291379,-0.875997810901,0.000000000000,1.855599687096,0.000000000000,0.543836067683,0.000000000000,0.040207560420
1.665551000000,-0.384000197082,-0.874937962412,0.000000000000,1.852952800103,0.000000000000,0.543878987239,0.000000000000,0.040207560420
1.675641000000,-0.389137218349,-0.873870490103,0.000000000000,1.850310757619,0.000000000000,0.543907345519,0.000000000000,0.040207560420
1.685625000000,-0.394259802370,-0.872797431971,0.000000000000,1.847674330201,0.000000000000,0.543922561579,0.000000000000,0.040207560420
1.695570000000,-0.399365515494,-0.871720849600,0.000000000000,1.845044247957,0.000000000000,0.543925968460,0.000000000000,0.040207560420
1.705589000000,-0.404452020804,-0.870642831835,0.000000000000,1.842421213352,0.000000000000,0.543918822079,0.000000000000,0.040207560420
1.715751000000,-0.409517070529,-0.869565494832,0.000000000000,1.839805909244,0.000000000000,0.543902307790,0.000000000000,0.040207560420
1.725663000000,-0.414558654039,-0.868490884884,0.000000000000,1.837198956239,0.000000000000,0.543877523894,0.000000000000,0.040207560420
1.735686000000,-0.419574881178,-0.867421039919,0.000000000000,1.834600955189,0.000000000000,0.543845503477,0.000000000000,0.040207560420
1.745699000000,-0.424564033976,-0.866357948467,0.000000000000,1.832012474789,0.000000000000,0.543807211288,0.000000000000,0.040207560420
1.755684000000,-0.429524578592,-0.865303531173,0.000000000000,1.829434051428,0.000000000000,0.543763546006,0.000000000000,0.040207560420
1.765726000000,-0.434455142600,-0.864259647522,0.000000000000,1.826866200920,0.000000000000,0.543715347487,0.000000000000,0.040207560420
1.775712000000,-0.439354555238,-0.863228054064,0.000000000000,1.824309407439,0.000000000000,0.543663393930,0.000000000000,0.040207560420
1.785728000000,-0.444221821992,-0.862210412258,0.000000000000,1.821764135833,0.000000000000,0.543608408928,0.000000000000,0.040207560420
1.795789000000,-0.449056123573,-0.861208277701,0.000000000000,1.819230835375,0.000000000000,0.543551064533,0.000000000000,0.040207560420
1.805740000000,-0.453856859793,-0.860223048090,0.000000000000,1.816709923569,0.000000000000,0.543491976239,0.000000000000,0.040207560420
1.815717000000,-0.458623609261,-0.859255984594,0.000000000000,1.814201804680,0.000000000000,0.543431711908,0.000000000000,0.040207560420
1.825743000000,-0.463356125259,-0.858308202958,0.000000000000,1.811706874123,0.000000000000,0.543370794646,0.000000000000,0.040207560420
1.835742000000,-0.468054354113,-0.857380642657,0.000000000000,1.809225510603,0.000000000000,0.543309701133,0.000000000000,0.040207560420
1.845888000000,-0.472718398032,-0.856474091395,0.000000000000,1.806758098574,0.000000000000,0.543248870810,0.000000000000,0.040207560420
1.855787000000,-0.477348591781,-0.855589093935,0.000000000000,1.804304979842,0.000000000000,0.543188690817,0.000000000000,0.040207560420
1.865741000000,-0.481945435312,-0.854726009337,0.000000000000,1.801866492392,0.000000000000,0.543129511096,0.000000000000,0.040207560420
1.875662000000,-0.486509605663,-0.853884988165,0.000000000000,1.799442958681,0.000000000000,0.543071642428,0.000000000000,0.040207560420
1.885607000000,-0.491041943398,-0.853065978107,0.000000000000,1.797034691964,0.000000000000,0.543015360416,0.000000000000,0.040207560420
1.895582000000,-0.495543448038,-0.852268721223,0.000000000000,1.794641995188,0.000000000000,0.542960907279,0.000000000000,0.040207560420
1.905671000000,-0.500015267674,-0.851492759322,0.000000000000,1.792265168969,0.000000000000,0.542908496149,0.000000000000,0.040207560420
1.915656000000,-0.504458708725,-0.850737415669,0.000000000000,1.789904479855,0.000000000000,0.542858305565,0.000000000000,0.040207560420
1.925685000000,-0.508875215708,-0.850001813668,0.000000000000,1.787560176028,0.000000000000,0.542810486456,0.000000000000,0.040207560420
1.935683000000,-0.513266363830,-0.849284880521,0.000000000000,1.785232472902,0.000000000000,0.542765161877,0.000000000000,0.040207560420
1.945665000000,-0.517633845716,-0.848585359023,0.000000000000,1.782921550169,0.000000000000,0.542722429711,0.000000000000,0.040207560420
1.955724000000,-0.521979462115,-0.847901815903,0.000000000000,1.780627557352,0.000000000000,0.542682367103,0.000000000000,0.040207560420
1.965720000000,-0.526305104568,-0.847232658297,0.000000000000,1.778350590154,0.000000000000,0.542645029056,0.000000000000,0.040207560420
1.975894000000,-0.530612758248,-0.846576129240,0.000000000000,1.776090711588,0.000000000000,0.542610455955,0.000000000000,0.040207560420
1.985735000000,-0.534904444825,-0.845930370421,0.000000000000,1.773847888226,0.000000000000,0.542578664894,0.000000000000,0.040207560420
1.995755000000,-0.539182253620,-0.845293385834,0.000000000000,1.771622041646,0.000000000000,0.542549662778,0.000000000000,0.040207560420
2.005718000000,-0.543448303834,-0.844663083894,0.000000000000,1.769413016043,0.000000000000,0.542523443486,0.000000000000,0.040207560420
2.015702000000,-0.547704740650,-0.844037280548,0.000000000000,1.767220580062,0.000000000000,0.542499991356,0.000000000000,0.040207560420
2.025730000000,-0.551953726951,-0.843413707291,0.000000000000,1.765044421994,0.000000000000,0.542479283384,0.000000000000,0.040207560420
2.035734000000,-0.556197420098,-0.842790038120,0.000000000000,1.762884139242,0.000000000000,0.542461289953,0.000000000000,0.040207560420
2.045724000000,-0.560437961649,-0.842163901147,0.000000000000,1.760739235491,0.000000000000,0.542445976850,0.000000000000,0.040207560420
2.055764000000,-0.564677479524,-0.841532874257,0.000000000000,1.758609119978,0.000000000000,0.542433307882,0.000000000000,0.040207560420
2.065718000000,-0.568918050318,-0.840894533503,0.000000000000,1.756493100727,0.000000000000,0.542423244630,0.000000000000,0.040207560420
2.075722000000,-0.573161719770,-0.840246425609,0.000000000000,1.754390387548,0.000000000000,0.542415749945,0.000000000000,0.040207560420
2.085714000000,-0.577410481626,-0.839586096056,0.000000000000,1.752300090512,0.000000000000,0.542410788586,0.000000000000,0.040207560420
2.095705000000,-0.581666273655,-0.838911094981,0.000000000000,1.750221221328,0.000000000000,0.542408328829,0.000000000000,0.040207560420
2.105819000000,-0.585931002206,-0.838218942716,0.000000000000,1.748152690025,0.000000000000,0.542408345587,0.000000000000,0.040207560420
2.115694000000,-0.590206447549,-0.837507266389,0.000000000000,1.746093325072,0.000000000000,0.542410816655,0.000000000000,0.040207560420
2.125696000000,-0.594494352732,-0.836773674557,0.000000000000,1.744041860194,0.000000000000,0.542415729313,0.000000000000,0.040207560420
2.135705000000,-0.598796388864,-0.836015809022,0.000000000000,1.741996945326,0.000000000000,0.542423079845,0.000000000000,0.040207560420
2.145726000000,-0.603114153339,-0.835231349772,0.000000000000,1.739957152069,0.000000000000,0.542432874879,0.000000000000,0.040207560420
2.155697000000,-0.607449150868,-0.834418046821,0.000000000000,1.737920988174,0.000000000000,0.542445131500,0.000000000000,0.040207560420
2.165727000000,-0.611802820361,-0.833573681660,0.000000000000,1.735886891644,0.000000000000,0.542459880428,0.000000000000,0.040207560420
2.175723000000,-0.616176507484,-0.832696112947,0.000000000000,1.733853251407,0.000000000000,0.542477165361,0.000000000000,0.040207560420
2.185726000000,-0.620571474045,-0.831783264931,0.000000000000,1.731818410005,0.000000000000,0.542497044892,0.000000000000,0.040207560420
2.195697000000,-0.624988885859,-0.830833150380,0.000000000000,1.729780679433,0.000000000000,0.542519592597,0.000000000000,0.040207560420
2.205729000000,-0.629429836014,-0.829843835097,0.000000000000,1.727738332237,0.000000000000,0.542544900429,0.000000000000,0.040207560420
2.215767000000,-0.633895327773,-0.828813468689,0.000000000000,1.725689620435,0.000000000000,0.542573078320,0.000000000000,0.040207560420
2.225772000000,-0.638386263181,-0.827740307159,0.000000000000,1.723632792930,0.000000000000,0.542604253807,0.000000000000,0.040207560420
2.235901000000,-0.642903482377,-0.826622646922,0.000000000000,1.721566067477,0.000000000000,0.542638578213,0.000000000000,0.040207560420
2.245758000000,-0.647447661477,-0.825459008941,0.000000000000,1.719487734614,0.000000000000,0.542676212847,0.000000000000,0.040207560420
2.255775000000,-0.652019425080,-0.824247941920,0.000000000000,1.717396058182,0.000000000000,0.542717345811,0.000000000000,0.040207560420
2.265774000000,-0.656619299072,-0.822988109576,0.000000000000,1.715289327748,0.000000000000,0.542762185577,0.000000000000,0.040207560420
2.275770000000,-0.661247715165,-0.821678285827,0.000000000000,1.713165861219,0.000000000000,0.542810961969,0.000000000000,0.040207560420
2.285771000000,-0.665905013761,-0.820317352974,0.000000000000,1.711024008600,0.000000000000,0.542863926826,0.000000000000,0.040207560420
2.295745000000,-0.670591438325,-0.818904316866,0.000000000000,1.708862166568,0.000000000000,0.542921352381,0.000000000000,0.040207560420
2.305737000000,-0.675307147762,-0.817438286920,0.000000000000,1.706678770098,0.000000000000,0.542983533800,0.000000000000,0.040207560420
2.315691000000,-0.680052206953,-0.815918500383,0.000000000000,1.704472313448,0.000000000000,0.543050785610,0.000000000000,0.040207560420
2.325732000000,-0.684826615305,-0.814344267733,0.000000000000,1.702241315861,0.000000000000,0.543123449808,0.000000000000,0.040207560420
2.335722000000,-0.689630281362,-0.812715031943,0.000000000000,1.699984367746,0.000000000000,0.543201886148,0.000000000000,0.040207560420
2.345761000000,-0.694463046280,-0.811030323842,0.000000000000,1.697700102060,0.000000000000,0.543286479068,0.000000000000,0.040207560420
2.355717000000,-0.699324663976,-0.809289814240,0.000000000000,1.695387238491,0.000000000000,0.543377626668,0.000000000000,0.040207560420
2.365853000000,-0.704214850849,-0.807493205443,0.000000000000,1.693044501825,0.000000000000,0.543475762318,0.000000000000,0.040207560420
2.375722000000,-0.709133216080,-0.805640406186,0.000000000000,1.690670767486,0.000000000000,0.543581314328,0.000000000000,0.040207560420
2.385694000000,-0.714079329241,-0.803731378090,0.000000000000,1.688264941387,0.000000000000,0.543694738715,0.000000000000,0.040207560420
2.395733000000,-0.719052716669,-0.801766150726,0.000000000000,1.685825974603,0.000000000000,0.543816515492,0.000000000000,0.040207560420
2.405783000000,-0.724052857069,-0.799744841240,0.000000000000,1.683352883606,0.000000000000,0.543947142298,0.000000000000,0.040207560420
2.415706000000,-0.729079169574,-0.797667698344,0.000000000000,1.680844794989,0.000000000000,0.544087118154,0.000000000000,0.040207560420
2.425690000000,-0.734131043883,-0.795535029893,0.000000000000,1.678300884220,0.000000000000,0.544236963254,0.000000000000,0.040207560420
2.435697000000,-0.739207839063,-0.793347214910,0.000000000000,1.675720389815,0.000000000000,0.544397213717,0.000000000000,0.040207560420
2.445723000000,-0.744308887097,-0.791104702644,0.000000000000,1.673102615843,0.000000000000,0.544568420110,0.000000000000,0.040207560420
2.455704000000,-0.749433490868,-0.788808029479,0.000000000000,1.670446952618,0.000000000000,0.544751138122,0.000000000000,0.040207560420
2.465746000000,-0.754580938690,-0.786457782585,0.000000000000,1.667752843609,0.000000000000,0.544945941389,0.000000000000,0.040207560420
2.475787000000,-0.759750501777,-0.784054617319,0.000000000000,1.665019806215,0.000000000000,0.545153412029,0.000000000000,0.040207560420
2.485718000000,-0.764941429950,-0.781599283483,0.000000000000,1.662247464003,0.000000000000,0.545374123842,0.000000000000,0.040207560420
2.496968000000,-0.770153055401,-0.779092247889,0.000000000000,1.659435128876,0.000000000000,0.545608852136,0.000000000000,0.040207560420
2.505750000000,-0.775384529750,-0.776534693293,0.000000000000,1.656582924003,0.000000000000,0.545858000205,0.000000000000,0.040207560420
2.515733000000,-0.780635089823,-0.773927525081,0.000000000000,1.653690671960,0.000000000000,0.546122165422,0.000000000000,0.040207560420
2.525727000000,-0.785903973014,-0.771271697694,0.000000000000,1.650758263345,0.000000000000,0.546401949772,0.000000000000,0.040207560420
2.535714000000,-0.791190418658,-0.768568216411,0.000000000000,1.647785661194,0.000000000000,0.546697955798,0.000000000000,0.040207560420
2.545744000000,-0.796493672633,-0.765818124215,0.000000000000,1.644772886694,0.000000000000,0.547010793921,0.000000000000,0.040207560420
2.555734000000,-0.801812985382,-0.763022517173,0.000000000000,1.641720040525,0.000000000000,0.547341067088,0.000000000000,0.040207560420
2.565672000000,-0.807147613953,-0.760182542055,0.000000000000,1.638627302689,0.000000000000,0.547689367584,0.000000000000,0.040207560420
2.575646000000,-0.812496827265,-0.757299376361,0.000000000000,1.635494907833,0.000000000000,0.548056291832,0.000000000000,0.040207560420
2.585553000000,-0.817859904065,-0.754374243748,0.000000000000,1.632323168399,0.000000000000,0.548442420444,0.000000000000,0.040207560420
2.595588000000,-0.823236140159,-0.751408379597,0.000000000000,1.629112426564,0.000000000000,0.548848353703,0.000000000000,0.040207560420
2.605546000000,-0.828624843385,-0.748403061980,0.000000000000,1.625863100713,0.000000000000,0.549274671329,0.000000000000,0.040207560420
2.615630000000,-0.834025339642,-0.745359580028,0.000000000000,1.622575638064,0.000000000000,0.549721970870,0.000000000000,0.040207560420
2.625767000000,-0.839436971340,-0.742279244747,0.000000000000,1.619250531141,0.000000000000,0.550190851945,0.000000000000,0.040207560420
2.635626000000,-0.844859092862,-0.739163422503,0.000000000000,1.615888379080,0.000000000000,0.550681849222,0.000000000000,0.040207560420
2.645599000000,-0.850291078637,-0.736013484527,0.000000000000,1.612489803235,0.000000000000,0.551195511757,0.000000000000,0.040207560420
2.655594000000,-0.855732321818,-0.732830816307,0.000000000000,1.609055464275,0.000000000000,0.551732382591,0.000000000000,0.040207560420
2.665616000000,-0.861182234664,-0.729616815266,0.000000000000,1.605586058948,0.000000000000,0.552292998651,0.000000000000,0.040207560420
2.675605000000,-0.866640248368,-0.726372892687,0.000000000000,1.602082327064,0.000000000000,0.552877877074,0.000000000000,0.040207560420
2.685577000000,-0.872105813648,-0.723100468965,0.000000000000,1.598545044636,0.000000000000,0.553487517845,0.000000000000,0.040207560420
2.695614000000,-0.877578401350,-0.719800966858,0.000000000000,1.594975008577,0.000000000000,0.554122420348,0.000000000000,0.040207560420
2.705590000000,-0.883057501972,-0.716475815201,0.000000000000,1.591373052180,0.000000000000,0.554783054893,0.000000000000,0.040207560420
2.715594000000,-0.888542626072,-0.713126442289,0.000000000000,1.587740028846,0.000000000000,0.555469881500,0.000000000000,0.040207560420
2.725557000000,-0.894033304113,-0.709754275361,0.000000000000,1.584076817876,0.000000000000,0.556183333740,0.000000000000,0.040207560420
2.735593000000,-0.899529086370,-0.706360736349,0.000000000000,1.580384307741,0.000000000000,0.556923843040,0.000000000000,0.040207560420
2.745545000000,-0.905029542821,-0.702947241356,0.000000000000,1.576663411296,0.000000000000,0.557691802700,0.000000000000,0.040207560420
2.755808000000,-0.910534262035,-0.699515200296,0.000000000000,1.572915023076,0.000000000000,0.558487654383,0.000000000000,0.040207560420
2.765547000000,-0.916042853068,-0.696066007312,0.000000000000,1.569140098463,0.000000000000,0.559311700489,0.000000000000,0.040207560420
2.775608000000,-0.921554942630,-0.692601048540,0.000000000000,1.565339568346,0.000000000000,0.560164295884,0.000000000000,0.040207560420
2.785567000000,-0.927070176066,-0.689121693493,0.000000000000,1.561514376910,0.000000000000,0.561045749639,0.000000000000,0.040207560420
2.795605000000,-0.932588216088,-0.685629298609,0.000000000000,1.557665464386,0.000000000000,0.561956365442,0.000000000000,0.040207560420
2.805548000000,-0.938108743131,-0.682125199056,0.000000000000,1.553793777726,0.000000000000,0.562896401787,0.000000000000,0.040207560420
2.815620000000,-0.943631453542,-0.678610717725,0.000000000000,1.549900253736,0.000000000000,0.563866121619,0.000000000000,0.040207560420
2.825560000000,-0.949156060537,-0.675087150369,0.000000000000,1.545985833436,0.000000000000,0.564865733172,0.000000000000,0.040207560420
2.835624000000,-0.954682291968,-0.671555779428,0.000000000000,1.542051445906,0.000000000000,0.565895446936,0.000000000000,0.040207560420
2.845573000000,-0.960209891269,-0.668017857441,0.000000000000,1.538098018908,0.000000000000,0.566955421932,0.000000000000,0.040207560420
2.855575000000,-0.965738615641,-0.664474617736,0.000000000000,1.534126469365,0.000000000000,0.568045803228,0.000000000000,0.040207560420
2.865624000000,-0.971268235416,-0.660927273760,0.000000000000,1.530137703262,0.000000000000,0.569166719414,0.000000000000,0.040207560420
2.875620000000,-0.976798534121,-0.657377009933,0.000000000000,1.526132617880,0.000000000000,0.570318260689,0.000000000000,0.040207560420
2.885864000000,-0.982329305485,-0.653825008783,0.000000000000,1.522112093472,0.000000000000,0.571500541995,0.000000000000,0.040207560420
2.895694000000,-0.987860357968,-0.650272386950,0.000000000000,1.518077007247,0.000000000000,0.572713562880,0.000000000000,0.040207560420
2.905688000000,-0.993391509429,-0.646720251290,0.000000000000,1.514028219221,0.000000000000,0.573957332824,0.000000000000,0.040207560420
2.915687000000,-0.998922587766,-0.643169682499,0.000000000000,1.509966575250,0.000000000000,0.575231836176,0.000000000000,0.040207560420
2.925777000000,-1.004453429527,-0.639621744453,0.000000000000,1.505892906114,0.000000000000,0.576537049150,0.000000000000,0.040207560420
2.935759000000,-1.009983880965,-0.636077461217,0.000000000000,1.501808028272,0.000000000000,0.577872899662,0.000000000000,0.040207560420
2.945746000000,-1.015513796405,-0.632537829911,0.000000000000,1.497712742479,0.000000000000,0.579239291606,0.000000000000,0.040207560420
2.955755000000,-1.021043037461,-0.629003822664,0.000000000000,1.493607833629,0.000000000000,0.580636108325,0.000000000000,0.040207560420
2.965805000000,-1.026571472245,-0.625476388966,0.000000000000,1.489494070901,0.000000000000,0.582063216084,0.000000000000,0.040207560420
2.975465000000,-1.032098978845,-0.621956399406,0.000000000000,1.485372202336,0.000000000000,0.583520385739,0.000000000000,0.040207560420
2.985496000000,-1.037625437398,-0.618444746934,0.000000000000,1.481242963551,0.000000000000,0.585007436985,0.000000000000,0.040207560420
2.995558000000,-1.043150732876,-0.614942300606,0.000000000000,1.477107074385,0.000000000000,0.586524171300,0.000000000000,0.040207560420
3.005580000000,-1.048674755255,-0.611449895695,0.000000000000,1.472965237490,0.000000000000,0.588070359858,0.000000000000,0.040207560420
3.015679000000,-1.054197397746,-0.607968350369,0.000000000000,1.468818140942,0.000000000000,0.589645764665,0.000000000000,0.040207560420
3.025600000000,-1.059718559044,-0.604498428868,0.000000000000,1.464666451696,0.000000000000,0.591250096043,0.000000000000,0.040207560420
3.035557000000,-1.065238140466,-0.601040873393,0.000000000000,1.460510821033,0.000000000000,0.592883051436,0.000000000000,0.040207560420
3.045718000000,-1.070756043481,-0.597596429047,0.000000000000,1.456351890449,0.000000000000,0.594544341379,0.000000000000,0.040207560420
3.055753000000,-1.076272173153,-0.594165793617,0.000000000000,1.452190281215,0.000000000000,0.596233635811,0.000000000000,0.040207560420
3.065714000000,-1.081786437096,-0.590749626221,0.000000000000,1.448026595833,0.000000000000,0.597950575413,0.000000000000,0.040207560420
3.075713000000,-1.087298743602,-0.587348565080,0.000000000000,1.443861422389,0.000000000000,0.599694790082,0.000000000000,0.040207560420
3.085704000000,-1.092809001829,-0.583963220395,0.000000000000,1.439695332998,0.000000000000,0.601465892433,0.000000000000,0.040207560420
3.095716000000,-1.098317120983,-0.580594179169,0.000000000000,1.435528885313,0.000000000000,0.603263482677,0.000000000000,0.040207560420
3.105750000000,-1.103823009886,-0.577242005474,0.000000000000,1.431362622907,0.000000000000,0.605087149064,0.000000000000,0.040207560420
3.115723000000,-1.109326577876,-0.573907227428,0.000000000000,1.427197071584,0.000000000000,0.606936457640,0.000000000000,0.040207560420
3.125734000000,-1.114827732885,-0.570590353722,0.000000000000,1.423032744502,0.000000000000,0.608810966489,0.000000000000,0.040207560420
3.135721000000,-1.120326382111,-0.567291863698,0.000000000000,1.418870139323,0.000000000000,0.610710218288,0.000000000000,0.040207560420
3.145864000000,-1.125822428507,-0.564012236776,0.000000000000,1.414709748244,0.000000000000,0.612633762239,0.000000000000,0.040207560420
3.155643000000,-1.131315779934,-0.560751867667,0.000000000000,1.410552029478,0.000000000000,0.614581093981,0.000000000000,0.040207560420
3.165647000000,-1.136806337884,-0.557511165222,0.000000000000,1.406397441006,0.000000000000,0.616551726493,0.000000000000,0.040207560420
3.175677000000,-1.142294000940,-0.554290518381,0.000000000000,1.402246429411,0.000000000000,0.618545165764,0.000000000000,0.040207560420
3.185715000000,-1.147778664847,-0.551090293381,0.000000000000,1.398099429140,0.000000000000,0.620560909199,0.000000000000,0.040207560420
3.195693000000,-1.153260223759,-0.547910823096,0.000000000000,1.393956858601,0.000000000000,0.622598439722,0.000000000000,0.040207560420
3.205715000000,-1.158738567670,-0.544752424913,0.000000000000,1.389819127133,0.000000000000,0.624657236964,0.000000000000,0.040207560420
3.215745000000,-1.164213582997,-0.541615394846,0.000000000000,1.385686633006,0.000000000000,0.626736773955,0.000000000000,0.040207560420
3.225726000000,-1.169685153813,-0.538499998724,0.000000000000,1.381559759939,0.000000000000,0.628836512902,0.000000000000,0.040207560420
3.235695000000,-1.175153160766,-0.535406479159,0.000000000000,1.377438879977,0.000000000000,0.630955909557,0.000000000000,0.040207560420
3.245720000000,-1.180617479029,-0.532335067032,0.000000000000,1.373324358577,0.000000000000,0.633094419035,0.000000000000,0.040207560420
3.255704000000,-1.186077980878,-0.529285965792,0.000000000000,1.369216548007,0.000000000000,0.635251488557,0.000000000000,0.040207560420
3.265784000000,-1.191534531466,-0.526259374219,0.000000000000,1.365115797625,0.000000000000,0.637426567799,0.000000000000,0.040207560420
3.275892000000,-1.196986990678,-0.523255474943,0.000000000000,1.361022449099,0.000000000000,0.639619103588,0.000000000000,0.040207560420
3.285465000000,-1.202435231599,-0.520274346144,0.000000000000,1.356936794510,0.000000000000,0.641828507029,0.000000000000,0.040207560420
3.295422000000,-1.207879109829,-0.517316112653,0.000000000000,1.352859147291,0.000000000000,0.644054212686,0.000000000000,0.040207560420
3.305484000000,-1.213318472692,-0.514380897870,0.000000000000,1.348789820384,0.000000000000,0.646295658697,0.000000000000,0.040207560420
3.315431000000,-1.218753167187,-0.511468788933,0.000000000000,1.344729109095,0.000000000000,0.648552275280,0.000000000000,0.040207560420
3.325463000000,-1.224183032435,-0.508579869467,0.000000000000,1.340677307501,0.000000000000,0.650823495595,0.000000000000,0.040207560420
3.335468000000,-1.229607904011,-0.505714201920,0.000000000000,1.336634699519,0.000000000000,0.653108750510,0.000000000000,0.040207560420
3.345573000000,-1.235027608692,-0.502871847653,0.000000000000,1.332601569612,0.000000000000,0.655407474005,0.000000000000,0.040207560420
3.355522000000,-1.240441975406,-0.500052827836,0.000000000000,1.328578181619,0.000000000000,0.657719094014,0.000000000000,0.040207560420
3.365582000000,-1.245850823544,-0.497257165786,0.000000000000,1.324564801762,0.000000000000,0.660043042592,0.000000000000,0.040207560420
3.375559000000,-1.251253971866,-0.494484857451,0.000000000000,1.320561682133,0.000000000000,0.662378750028,0.000000000000,0.040207560420
3.385600000000,-1.256651231618,-0.491735894535,0.000000000000,1.316569073757,0.000000000000,0.664725649462,0.000000000000,0.040207560420
3.395675000000,-1.262042408007,-0.489010259827,0.000000000000,1.312587224026,0.000000000000,0.667083175957,0.000000000000,0.040207560420
3.405668000000,-1.267427306238,-0.486307910748,0.000000000000,1.308616366613,0.000000000000,0.669450764830,0.000000000000,0.040207560420
3.415675000000,-1.272805726638,-0.483628794627,0.000000000000,1.304656730445,0.000000000000,0.671827854049,0.000000000000,0.040207560420
3.425683000000,-1.278177465482,-0.480972847225,0.000000000000,1.300708538661,0.000000000000,0.674213884342,0.000000000000,0.040207560420
3.435664000000,-1.283542316717,-0.478339989383,0.000000000000,1.296772006252,0.000000000000,0.676608299410,0.000000000000,0.040207560420
3.445689000000,-1.288900068000,-0.475730137630,0.000000000000,1.292847346793,0.000000000000,0.679010546635,0.000000000000,0.040207560420
3.455675000000,-1.294250505797,-0.473143192871,0.000000000000,1.288934764784,0.000000000000,0.681420077135,0.000000000000,0.040207560420
3.465697000000,-1.299593410950,-0.470579051473,0.000000000000,1.285034462920,0.000000000000,0.683836346085,0.000000000000,0.040207560420
3.475711000000,-1.304928561618,-0.468037599465,0.000000000000,1.281146637949,0.000000000000,0.686258813059,0.000000000000,0.040207560420
3.485710000000,-1.310255733933,-0.465518712247,0.000000000000,1.277271480178,0.000000000000,0.688686942491,0.000000000000,0.040207560420
3.495687000000,-1.315574702669,-0.463022254395,0.000000000000,1.273409172976,0.000000000000,0.691120204194,0.000000000000,0.040207560420
3.505693000000,-1.320885237940,-0.460548086916,0.000000000000,1.269559897881,0.000000000000,0.693558072959,0.000000000000,0.040207560420
3.515744000000,-1.326187104246,-0.458096069353,0.000000000000,1.265723836128,0.000000000000,0.696000028284,0.000000000000,0.040207560420
3.525719000000,-1.331480069433,-0.455666044632,0.000000000000,1.261901156743,0.000000000000,0.698445557046,0.000000000000,0.040207560420
3.535839000000,-1.336763888507,-0.453257867636,0.000000000000,1.258092038701,0.000000000000,0.700894148726,0.000000000000,0.040207560420
3.545754000000,-1.342038330421,-0.450871361422,0.000000000000,1.254296635726,0.000000000000,0.703345304451,0.000000000000,0.040207560420
3.555738000000,-1.347303157010,-0.448506353052,0.000000000000,1.250515104617,0.000000000000,0.705798530177,0.000000000000,0.040207560420
3.565754000000,-1.352558126147,-0.446162668730,0.000000000000,1.246747601270,0.000000000000,0.708253337708,0.000000000000,0.040207560420
3.575710000000,-1.357802999430,-0.443840123096,0.000000000000,1.242994271312,0.000000000000,0.710709247979,0.000000000000,0.040207560420
3.585733000000,-1.363037531858,-0.441538534949,0.000000000000,1.239255263346,0.000000000000,0.713165786771,0.000000000000,0.040207560420
3.595720000000,-1.368261480782,-0.439257715124,0.000000000000,1.235530718155,0.000000000000,0.715622488700,0.000000000000,0.040207560420
3.605714000000,-1.373474602383,-0.436997472117,0.000000000000,1.231820773363,0.000000000000,0.718078895735,0.000000000000,0.040207560420
3.615730000000,-1.378676650574,-0.434757614009,0.000000000000,1.228125564992,0.000000000000,0.720534556668,0.000000000000,0.040207560420
3.625747000000,-1.383867379101,-0.432537946270,0.000000000000,1.224445225225,0.000000000000,0.722989028170,0.000000000000,0.040207560420
3.635730000000,-1.389046544935,-0.430338268334,0.000000000000,1.220779878807,0.000000000000,0.725441876628,0.000000000000,0.040207560420
3.645777000000,-1.394213899352,-0.428158384703,0.000000000000,1.217129653528,0.000000000000,0.727892673432,0.000000000000,0.040207560420
3.655742000000,-1.399369201963,-0.425998089270,0.000000000000,1.213494664585,0.000000000000,0.730341002581,0.000000000000,0.040207560420
3.665815000000,-1.404512202600,-0.423857186138,0.000000000000,1.209875035111,0.000000000000,0.732786450674,0.000000000000,0.040207560420
3.675797000000,-1.409642661026,-0.421735468470,0.000000000000,1.206270874554,0.000000000000,0.735228617949,0.000000000000,0.040207560420
3.685753000000,-1.414760340528,-0.419632726300,0.000000000000,1.202682286154,0.000000000000,0.737667114767,0.000000000000,0.040207560420
3.695731000000,-1.419865003238,-0.417548751808,0.000000000000,1.199109372240,0.000000000000,0.740101558865,0.000000000000,0.040207560420
3.705731000000,-1.424956410363,-0.415483339306,0.000000000000,1.195552234116,0.000000000000,0.742531575398,0.000000000000,0.040207560420
3.715715000000,-1.430034326317,-0.413436281568,0.000000000000,1.192010967891,0.000000000000,0.744956799344,0.000000000000,0.040207560420
3.725723000000,-1.435098514674,-0.411407374016,0.000000000000,1.188485668904,0.000000000000,0.747376872994,0.000000000000,0.040207560420
3.735717000000,-1.440148742401,-0.409396411120,0.000000000000,1.184976427514,0.000000000000,0.749791448469,0.000000000000,0.040207560420
3.745695000000,-1.445184780179,-0.407403186548,0.000000000000,1.181483329008,0.000000000000,0.752200187866,0.000000000000,0.040207560420
3.755693000000,-1.450206398607,-0.405427496798,0.000000000000,1.178006457633,0.000000000000,0.754602760818,0.000000000000,0.040207560420
3.765687000000,-1.455213371028,-0.403469139004,0.000000000000,1.174545893888,0.000000000000,0.756998846170,0.000000000000,0.040207560420
3.775711000000,-1.460205469888,-0.401527914167,0.000000000000,1.171101718281,0.000000000000,0.759388129570,0.000000000000,0.040207560420
3.785719000000,-1.465182472117,-0.399603622982,0.000000000000,1.167674006155,0.000000000000,0.761770306783,0.000000000000,0.040207560420
3.795781000000,-1.470144151262,-0.397696072224,0.000000000000,1.164262835477,0.000000000000,0.764145078558,0.000000000000,0.040207560420
3.805711000000,-1.475090299074,-0.395805058452,0.000000000000,1.160868266191,0.000000000000,0.766512164379,0.000000000000,0.040207560420
3.815765000000,-1.480020695508,-0.393930391007,0.000000000000,1.157490369167,0.000000000000,0.768871283074,0.000000000000,0.040207560420
3.825494000000,-1.484935161703,-0.392071853464,0.000000000000,1.154129176190,0.000000000000,0.771222186936,0.000000000000,0.040207560420
3.835513000000,-1.489833486300,-0.390229257332,0.000000000000,1.150784749652,0.000000000000,0.773564613936,0.000000000000,0.040207560420
3.845583000000,-1.494715455285,-0.388402420064,0.000000000000,1.147457154269,0.000000000000,0.775898306862,0.000000000000,0.040207560420
3.855519000000,-1.499580874436,-0.386591149828,0.000000000000,1.144146436455,0.000000000000,0.778223027792,0.000000000000,0.040207560420
3.865567000000,-1.504429539055,-0.384795266311,0.000000000000,1.140852652357,0.000000000000,0.780538538275,0.000000000000,0.040207560420
3.875539000000,-1.509261257474,-0.383014585069,0.000000000000,1.137575846414,0.000000000000,0.782844614506,0.000000000000,0.040207560420
3.885562000000,-1.514075835159,-0.381248928090,0.000000000000,1.134316065919,0.000000000000,0.785141036830,0.000000000000,0.040207560420
3.895557000000,-1.518873084794,-0.379498117376,0.000000000000,1.131073351998,0.000000000000,0.787427596184,0.000000000000,0.040207560420
3.905584000000,-1.523652818726,-0.377761979777,0.000000000000,1.127847746451,0.000000000000,0.789704089028,0.000000000000,0.040207560420
3.915550000000,-1.528414860827,-0.376040339808,0.000000000000,1.124639281339,0.000000000000,0.791970324947,0.000000000000,0.040207560420
3.925552000000,-1.533159033977,-0.374333027355,0.000000000000,1.121447990139,0.000000000000,0.794226118334,0.000000000000,0.040207560420
3.935587000000,-1.537885160700,-0.372639877206,0.000000000000,1.118273907172,0.000000000000,0.796471288682,0.000000000000,0.040207560420
3.945577000000,-1.542593073349,-0.370960723179,0.000000000000,1.115117058838,0.000000000000,0.798705667059,0.000000000000,0.040207560420
3.955595000000,-1.547282604490,-0.369295403719,0.000000000000,1.111977472015,0.000000000000,0.800929089717,0.000000000000,0.040207560420
3.965579000000,-1.551953595107,-0.367643757309,0.000000000000,1.108855167084,0.000000000000,0.803141403267,0.000000000000,0.040207560420
3.975515000000,-1.556605896216,-0.366005621734,0.000000000000,1.105750156695,0.000000000000,0.805342465568,0.000000000000,0.040207560420
3.985556000000,-1.561239348660,-0.364380845051,0.000000000000,1.102662462907,0.000000000000,0.807532132515,0.000000000000,0.040207560420
3.995532000000,-1.565853806092,-0.362769273155,0.000000000000,1.099592097822,0.000000000000,0.809710272749,0.000000000000,0.040207560420
4.005543000000,-1.570449121390,-0.361170757032,0.000000000000,1.096539075055,0.000000000000,0.811876758753,0.000000000000,0.040207560420
4.015518000000,-1.575025156291,-0.359585147736,0.000000000000,1.093503401756,0.000000000000,0.814031472899,0.000000000000,0.040207560420
4.026384000000,-1.579581658284,-0.358012358465,0.000000000000,1.090485179904,0.000000000000,0.816174228611,0.000000000000,0.040207560420
4.035540000000,-1.584118612996,-0.356452187057,0.000000000000,1.087484316679,0.000000000000,0.818304995426,0.000000000000,0.040207560420
4.045554000000,-1.588635888608,-0.354904495007,0.000000000000,1.084500816756,0.000000000000,0.820423671628,0.000000000000,0.040207560420
4.055660000000,-1.593133345152,-0.353369152173,0.000000000000,1.081534692361,0.000000000000,0.822530154014,0.000000000000,0.040207560420
4.065553000000,-1.597610876169,-0.351846016626,0.000000000000,1.078585929613,0.000000000000,0.824624364147,0.000000000000,0.040207560420
4.075541000000,-1.602068365539,-0.350334955526,0.000000000000,1.075654523508,0.000000000000,0.826706220855,0.000000000000,0.040207560420
4.085560000000,-1.606505696892,-0.348835840461,0.000000000000,1.072740470280,0.000000000000,0.828775646090,0.000000000000,0.040207560420
4.095587000000,-1.610922756959,-0.347348545795,0.000000000000,1.069843764724,0.000000000000,0.830832566912,0.000000000000,0.040207560420
4.105642000000,-1.615319432898,-0.345872949833,0.000000000000,1.066964402328,0.000000000000,0.832876913697,0.000000000000,0.040207560420
4.115650000000,-1.619695622691,-0.344408930045,0.000000000000,1.064102371084,0.000000000000,0.834908626495,0.000000000000,0.040207560420
4.125691000000,-1.624051223815,-0.342956368177,0.000000000000,1.061257660457,0.000000000000,0.836927647837,0.000000000000,0.040207560420
4.135734000000,-1.628386137723,-0.341515148160,0.000000000000,1.058430257866,0.000000000000,0.838933925408,0.000000000000,0.040207560420
4.145720000000,-1.632700277900,-0.340085152563,0.000000000000,1.055620142461,0.000000000000,0.840927416871,0.000000000000,0.040207560420
4.155727000000,-1.636993558652,-0.338666267482,0.000000000000,1.052827293881,0.000000000000,0.842908082827,0.000000000000,0.040207560420
4.165707000000,-1.641265901862,-0.337258379574,0.000000000000,1.050051687048,0.000000000000,0.844875890835,0.000000000000,0.040207560420
4.175745000000,-1.645517225044,-0.335861381099,0.000000000000,1.047293301373,0.000000000000,0.846830808013,0.000000000000,0.040207560420
4.185809000000,-1.649747446226,-0.334475167719,0.000000000000,1.044552116963,0.000000000000,0.848772803937,0.000000000000,0.040207560420
4.195696000000,-1.653956512104,-0.333099626727,0.000000000000,1.041828093217,0.000000000000,0.850701867513,0.000000000000,0.040207560420
4.205745000000,-1.658144349694,-0.331734657158,0.000000000000,1.039121205657,0.000000000000,0.852617977674,0.000000000000,0.040207560420
4.215710000000,-1.662310901727,-0.330380155046,0.000000000000,1.036431419045,0.000000000000,0.854521124593,0.000000000000,0.040207560420
4.225713000000,-1.666456109006,-0.329036020625,0.000000000000,1.033758700751,0.000000000000,0.856411298994,0.000000000000,0.040207560420
4.236804000000,-1.670579765732,-0.327702216209,0.000000000000,1.031103128966,0.000000000000,0.858288406303,0.000000000000,0.040207560420
4.245723000000,-1.674681979429,-0.326378581771,0.000000000000,1.028464548570,0.000000000000,0.860152539247,0.000000000000,0.040207560420
4.255730000000,-1.678762700570,-0.325065023435,0.000000000000,1.025842923096,0.000000000000,0.862003698864,0.000000000000,0.040207560420
4.265730000000,-1.682821884198,-0.323761448638,0.000000000000,1.023238213809,0.000000000000,0.863841890237,0.000000000000,0.040207560420
4.275736000000,-1.686859488026,-0.322467766822,0.000000000000,1.020650381126,0.000000000000,0.865667121273,0.000000000000,0.040207560420
4.285740000000,-1.690875473551,-0.321183888939,0.000000000000,1.018079383788,0.000000000000,0.867479403276,0.000000000000,0.040207560420
4.295703000000,-1.694869811376,-0.319909725356,0.000000000000,1.015525174972,0.000000000000,0.869278753931,0.000000000000,0.040207560420
4.305699000000,-1.698842470580,-0.318645189891,0.000000000000,1.012987710098,0.000000000000,0.871065191053,0.000000000000,0.040207560420
4.315804000000,-1.702793408534,-0.317390203565,0.000000000000,1.010466954214,0.000000000000,0.872838726694,0.000000000000,0.040207560420
4.325699000000,-1.706722615780,-0.316144677577,0.000000000000,1.007962849310,0.000000000000,0.874599392823,0.000000000000,0.040207560420
4.336014000000,-1.710630027338,-0.314908546564,0.000000000000,1.005475378716,0.000000000000,0.876347190550,0.000000000000,0.040207560420
4.345776000000,-1.714515660305,-0.313681717105,0.000000000000,1.003004467421,0.000000000000,0.878082168468,0.000000000000,0.040207560420
4.355711000000,-1.718379508822,-0.312464106915,0.000000000000,1.000550058154,0.000000000000,0.879804362733,0.000000000000,0.040207560420
4.365722000000,-1.722221559106,-0.311255639119,0.000000000000,0.998112100434,0.000000000000,0.881513805617,0.000000000000,0.040207560420
4.375701000000,-1.726041804926,-0.310056236478,0.000000000000,0.995690539424,0.000000000000,0.883210534191,0.000000000000,0.040207560420
4.385729000000,-1.729840236191,-0.308865825505,0.000000000000,0.993285324104,0.000000000000,0.884894583856,0.000000000000,0.040207560420
4.395718000000,-1.733616851372,-0.307684331886,0.000000000000,0.990896398384,0.000000000000,0.886565995233,0.000000000000,0.040207560420
4.405764000000,-1.737371644004,-0.306511685309,0.000000000000,0.988523710711,0.000000000000,0.888224806590,0.000000000000,0.040207560420
4.415743000000,-1.741104620034,-0.305347813175,0.000000000000,0.986167201751,0.000000000000,0.889871063401,0.000000000000,0.040207560420
4.425723000000,-1.744815787877,-0.304192644126,0.000000000000,0.983826811448,0.000000000000,0.891504812765,0.000000000000,0.040207560420
4.435688000000,-1.748505160561,-0.303046107246,0.000000000000,0.981502477513,0.000000000000,0.893126104525,0.000000000000,0.040207560420
4.445917000000,-1.752172717889,-0.301908145310,0.000000000000,0.979194161989,0.000000000000,0.894734970605,0.000000000000,0.040207560420
4.455751000000,-1.755818497704,-0.300778682632,0.000000000000,0.976901787148,0.000000000000,0.896331474685,0.000000000000,0.040207560420
4.465763000000,-1.759442514900,-0.299657653493,0.000000000000,0.974625292348,0.000000000000,0.897915668050,0.000000000000,0.040207560420
4.475766000000,-1.763044788266,-0.298544992664,0.000000000000,0.972364615188,0.000000000000,0.899487604144,0.000000000000,0.040207560420
4.485768000000,-1.766625339272,-0.297440635789,0.000000000000,0.970119692354,0.000000000000,0.901047337875,0.000000000000,0.040207560420
4.495756000000,-1.770184193741,-0.296344518761,0.000000000000,0.967890458451,0.000000000000,0.902594926457,0.000000000000,0.040207560420
4.505734000000,-1.773721381135,-0.295256577932,0.000000000000,0.965676846502,0.000000000000,0.904130428983,0.000000000000,0.040207560420
4.515751000000,-1.777236927921,-0.294176752343,0.000000000000,0.963478792529,0.000000000000,0.905653902856,0.000000000000,0.040207560420
4.525827000000,-1.780730855276,-0.293104984432,0.000000000000,0.961296237092,0.000000000000,0.907165402584,0.000000000000,0.040207560420
4.535765000000,-1.784203205554,-0.292041211008,0.000000000000,0.959129107067,0.000000000000,0.908664993698,0.000000000000,0.040207560420
4.545768000000,-1.787654014190,-0.290985372757,0.000000000000,0.956977334984,0.000000000000,0.910152737890,0.000000000000,0.040207560420
4.555745000000,-1.791083322233,-0.289937409959,0.000000000000,0.954840850406,0.000000000000,0.911628699578,0.000000000000,0.040207560420
4.565490000000,-1.794491202921,-0.288897253552,0.000000000000,0.952719561784,0.000000000000,0.913092959667,0.000000000000,0.040207560420
4.575526000000,-1.797877691369,-0.287864848682,0.000000000000,0.950613404499,0.000000000000,0.914545578927,0.000000000000,0.040207560420
4.585585000000,-1.801242822254,-0.286840141984,0.000000000000,0.948522315053,0.000000000000,0.915986617646,0.000000000000,0.040207560420
4.595638000000,-1.804586633701,-0.285823080246,0.000000000000,0.946446228411,0.000000000000,0.917416137613,0.000000000000,0.040207560420
4.605714000000,-1.807909163411,-0.284813611668,0.000000000000,0.944385080623,0.000000000000,0.918834200107,0.000000000000,0.040207560420
4.615756000000,-1.811210456105,-0.283811683355,0.000000000000,0.942338803768,0.000000000000,0.920240869683,0.000000000000,0.040207560420
4.625740000000,-1.814490566164,-0.282817240438,0.000000000000,0.940307324188,0.000000000000,0.921636215467,0.000000000000,0.040207560420
4.635735000000,-1.817749548216,-0.281830229146,0.000000000000,0.938290568846,0.000000000000,0.923020306320,0.000000000000,0.040207560420
4.646733000000,-1.820987331572,-0.280850637812,0.000000000000,0.936288549743,0.000000000000,0.924393147425,0.000000000000,0.040207560420
4.655707000000,-1.824204111819,-0.279878368853,0.000000000000,0.934301100607,0.000000000000,0.925754878000,0.000000000000,0.040207560420
4.665770000000,-1.827399939366,-0.278913373198,0.000000000000,0.932328153517,0.000000000000,0.927105563550,0.000000000000,0.040207560420
4.675731000000,-1.830574879655,-0.277955597939,0.000000000000,0.930369631218,0.000000000000,0.928445276679,0.000000000000,0.040207560420
4.685771000000,-1.833728989521,-0.277004993971,0.000000000000,0.928425462937,0.000000000000,0.929774085237,0.000000000000,0.040207560420
4.695748000000,-1.836862335568,-0.276061510018,0.000000000000,0.926495572101,0.000000000000,0.931092061475,0.000000000000,0.040207560420
4.705858000000,-1.839974969271,-0.275125100636,0.000000000000,0.924579892913,0.000000000000,0.932399269673,0.000000000000,0.040207560420
4.715756000000,-1.843066970668,-0.274195712114,0.000000000000,0.922678341266,0.000000000000,0.933695787759,0.000000000000,0.040207560420
4.725781000000,-1.846138404701,-0.273273296502,0.000000000000,0.920790843779,0.000000000000,0.934981685705,0.000000000000,0.040207560420
4.735742000000,-1.849189345738,-0.272357803706,0.000000000000,0.918917321495,0.000000000000,0.936257037608,0.000000000000,0.040207560420
4.745714000000,-1.852219867805,-0.271449184599,0.000000000000,0.917057696358,0.000000000000,0.937521916874,0.000000000000,0.040207560420
4.755738000000,-1.855230039719,-0.270547392541,0.000000000000,0.915211894408,0.000000000000,0.938776393848,0.000000000000,0.040207560420
4.765727000000,-1.858219936023,-0.269652379870,0.000000000000,0.913379838549,0.000000000000,0.940020541141,0.000000000000,0.040207560420
4.775724000000,-1.861189631446,-0.268764099642,0.000000000000,0.911561452193,0.000000000000,0.941254430928,0.000000000000,0.040207560420
4.785717000000,-1.864139202381,-0.267882505141,0.000000000000,0.909756658281,0.000000000000,0.942478135650,0.000000000000,0.040207560420
4.795725000000,-1.867068724554,-0.267007550594,0.000000000000,0.907965380804,0.000000000000,0.943691726894,0.000000000000,0.040207560420
4.805714000000,-1.869978277142,-0.266139189848,0.000000000000,0.906187542089,0.000000000000,0.944895277367,0.000000000000,0.040207560420
4.815697000000,-1.872867941022,-0.265277376903,0.000000000000,0.904423063942,0.000000000000,0.946088860044,0.000000000000,0.040207560420
4.825700000000,-1.875737795651,-0.264422066878,0.000000000000,0.902671869683,0.000000000000,0.947272546674,0.000000000000,0.040207560420
4.835796000000,-1.878587910749,-0.263573218590,0.000000000000,0.900933889558,0.000000000000,0.948446403839,0.000000000000,0.040207560420
4.845687000000,-1.881418381552,-0.262730783487,0.000000000000,0.899209037714,0.000000000000,0.949610509695,0.000000000000,0.040207560420
4.855718000000,-1.884229287167,-0.261894718679,0.000000000000,0.897497239380,0.000000000000,0.950764934196,0.000000000000,0.040207560420
4.865701000000,-1.887020713389,-0.261064979777,0.000000000000,0.895798415966,0.000000000000,0.951909749911,0.000000000000,0.040207560420
4.875729000000,-1.889792741630,-0.260241524335,0.000000000000,0.894112492266,0.000000000000,0.953045026798,0.000000000000,0.040207560420
4.885706000000,-1.892545460167,-0.259424308323,0.000000000000,0.892439389139,0.000000000000,0.954170837493,0.000000000000,0.040207560420
4.895707000000,-1.895278955184,-0.258613288906,0.000000000000,0.890779029317,0.000000000000,0.955287253103,0.000000000000,0.040207560420
4.905714000000,-1.897993312988,-0.257808423730,0.000000000000,0.889131335957,0.000000000000,0.956394344250,0.000000000000,0.040207560420
4.915705000000,-1.900688622478,-0.257009670150,0.000000000000,0.887496231034,0.000000000000,0.957492182218,0.000000000000,0.040207560420
4.925725000000,-1.903364969984,-0.256216986806,0.000000000000,0.885873638671,0.000000000000,0.958580836558,0.000000000000,0.040207560420
4.935689000000,-1.906022448853,-0.255430330650,0.000000000000,0.884263478940,0.000000000000,0.959660379532,0.000000000000,0.040207560420
4.945727000000,-1.908661144683,-0.254649661489,0.000000000000,0.882665677382,0.000000000000,0.960730879285,0.000000000000,0.040207560420
4.955795000000,-1.911281140758,-0.253874940287,0.000000000000,0.881080161477,0.000000000000,0.961792402376,0.000000000000,0.040207560420
4.965880000000,-1.913882519678,-0.253106128654,0.000000000000,0.879506859589,0.000000000000,0.962845014538,0.000000000000,0.040207560420
4.975726000000,-1.916465390975,-0.252343180336,0.000000000000,0.877945683226,0.000000000000,0.963888793312,0.000000000000,0.040207560420
4.985794000000,-1.919029839627,-0.251586057042,0.000000000000,0.876396560098,0.000000000000,0.964923804475,0.000000000000,0.040207560420
4.995743000000,-1.921575964330,-0.250834716665,0.000000000000,0.874859409550,0.000000000000,0.965950119545,0.000000000000,0.040207560420
5.005772000000,-1.924103855356,-0.250089120072,0.000000000000,0.873334156743,0.000000000000,0.966967805682,0.000000000000,0.040207560420
5.015750000000,-1.926613609018,-0.249349226652,0.000000000000,0.871820723387,0.000000000000,0.967976932281,0.000000000000,0.040207560420
5.025758000000,-1.929105318726,-0.248614997047,0.000000000000,0.870319033452,0.000000000000,0.968977566907,0.000000000000,0.040207560420
5.035732000000,-1.931579081877,-0.247886391033,0.000000000000,0.868829008762,0.000000000000,0.969969778424,0.000000000000,0.040207560420
5.045742000000,-1.934034992309,-0.247163369817,0.000000000000,0.867350573802,0.000000000000,0.970953633587,0.000000000000,0.040207560420
5.056784000000,-1.936473038475,-0.246445927023,0.000000000000,0.865883720544,0.000000000000,0.971929151422,0.000000000000,0.040207560420
5.065727000000,-1.938893431323,-0.245733988852,0.000000000000,0.864428299659,0.000000000000,0.972896450195,0.000000000000,0.040207560420
5.075717000000,-1.941296267227,-0.245027516704,0.000000000000,0.862984235146,0.000000000000,0.973855596327,0.000000000000,0.040207560420
5.085719000000,-1.943681641589,-0.244326472576,0.000000000000,0.861551451981,0.000000000000,0.974806655325,0.000000000000,0.040207560420
5.095836000000,-1.946049638611,-0.243630822157,0.000000000000,0.860129882602,0.000000000000,0.975749687245,0.000000000000,0.040207560420
5.105727000000,-1.948400366145,-0.242940524247,0.000000000000,0.858719444787,0.000000000000,0.976684762179,0.000000000000,0.040207560420
5.115723000000,-1.950733921018,-0.242255541266,0.000000000000,0.857320063654,0.000000000000,0.977611944856,0.000000000000,0.040207560420
5.125739000000,-1.953050398278,-0.241575836441,0.000000000000,0.855931665777,0.000000000000,0.978531298760,0.000000000000,0.040207560420
5.135703000000,-1.955349898373,-0.240901371625,0.000000000000,0.854554174644,0.000000000000,0.979442889302,0.000000000000,0.040207560420
5.145737000000,-1.957632514858,-0.240232111010,0.000000000000,0.853187518424,0.000000000000,0.980346778406,0.000000000000,0.040207560420
5.155826000000,-1.959898336412,-0.239568020497,0.000000000000,0.851831628672,0.000000000000,0.981243025424,0.000000000000,0.040207560420
5.165737000000,-1.962147469549,-0.238909060846,0.000000000000,0.850486425997,0.000000000000,0.982131697089,0.000000000000,0.040207560420
5.175733000000,-1.964380012101,-0.238255195669,0.000000000000,0.849151836791,0.000000000000,0.983012855893,0.000000000000,0.040207560420
5.185700000000,-1.966596064706,-0.237606387954,0.000000000000,0.847827785978,0.000000000000,0.983886565123,0.000000000000,0.040207560420
5.195704000000,-1.968795724355,-0.236962602006,0.000000000000,0.846514201069,0.000000000000,0.984752886053,0.000000000000,0.040207560420
5.205746000000,-1.970979084597,-0.236323803373,0.000000000000,0.845211012025,0.000000000000,0.985611878048,0.000000000000,0.040207560420
5.215742000000,-1.973146243597,-0.235689956421,0.000000000000,0.843918146183,0.000000000000,0.986463602070,0.000000000000,0.040207560420
5.225814000000,-1.975297292509,-0.235061027818,0.000000000000,0.842635535557,0.000000000000,0.987308115643,0.000000000000,0.040207560420
5.235732000000,-1.977432337081,-0.234436980043,0.000000000000,0.841363103267,0.000000000000,0.988145482199,0.000000000000,0.040207560420
5.245718000000,-1.979551476248,-0.233817777809,0.000000000000,0.840100776978,0.000000000000,0.988975761831,0.000000000000,0.040207560420
5.255749000000,-1.981654804757,-0.233203387264,0.000000000000,0.838848487234,0.000000000000,0.989799012439,0.000000000000,0.040207560420
5.265485000000,-1.983742443967,-0.232593766765,0.000000000000,0.837606148175,0.000000000000,0.990615302964,0.000000000000,0.040207560420
5.275531000000,-1.985814485723,-0.231988883678,0.000000000000,0.836373692673,0.000000000000,0.991424689289,0.000000000000,0.040207560420
5.285530000000,-1.987871026372,-0.231388704186,0.000000000000,0.835151051022,0.000000000000,0.992227228862,0.000000000000,0.040207560420
5.295584000000,-1.989912157415,-0.230793196080,0.000000000000,0.833938156783,0.000000000000,0.993022976694,0.000000000000,0.040207560420
5.305545000000,-1.991937978803,-0.230202324782,0.000000000000,0.832734938469,0.000000000000,0.993811991044,0.000000000000,0.040207560420
5.315545000000,-1.993948586769,-0.229616056977,0.000000000000,0.831541327145,0.000000000000,0.994594328233,0.000000000000,0.040207560420
5.325530000000,-1.995944078765,-0.229034359131,0.000000000000,0.830357253342,0.000000000000,0.995370044747,0.000000000000,0.040207560420
5.335517000000,-1.997924551881,-0.228457197964,0.000000000000,0.829182648035,0.000000000000,0.996139196572,0.000000000000,0.040207560420
5.345532000000,-1.999890100642,-0.227884541094,0.000000000000,0.828017444012,0.000000000000,0.996901838272,0.000000000000,0.040207560420
5.355603000000,-2.001840814850,-0.227316357684,0.000000000000,0.826861577210,0.000000000000,0.997658022085,0.000000000000,0.040207560420
5.366506000000,-2.003776715077,-0.226752637619,0.000000000000,0.825715026816,0.000000000000,0.998407770750,0.000000000000,0.040207560420
5.375632000000,-2.005697975240,-0.226193325288,0.000000000000,0.824577676867,0.000000000000,0.999151171314,0.000000000000,0.040207560420
5.385665000000,-2.007604688191,-0.225638389320,0.000000000000,0.823449462002,0.000000000000,0.999888276344,0.000000000000,0.040207560420
5.395656000000,-2.009496950244,-0.225087797434,0.000000000000,0.822330314905,0.000000000000,1.000619139551,0.000000000000,0.040207560420
5.405713000000,-2.011374852077,-0.224541519141,0.000000000000,0.821220171947,0.000000000000,1.001343811973,0.000000000000,0.040207560420
5.415709000000,-2.013238489438,-0.223999522556,0.000000000000,0.820118966541,0.000000000000,1.002062346471,0.000000000000,0.040207560420
5.425703000000,-2.015087957952,-0.223461775941,0.000000000000,0.819026632356,0.000000000000,1.002774795559,0.000000000000,0.040207560420
5.435712000000,-2.016923351755,-0.222928248106,0.000000000000,0.817943104169,0.000000000000,1.003481210831,0.000000000000,0.040207560420
5.445713000000,-2.018744765400,-0.222398907840,0.000000000000,0.816868316668,0.000000000000,1.004181643769,0.000000000000,0.040207560420
5.455705000000,-2.020552293874,-0.221873723906,0.000000000000,0.815802204450,0.000000000000,1.004876145749,0.000000000000,0.040207560420
5.466723000000,-2.022345951926,-0.221352688919,0.000000000000,0.814744751889,0.000000000000,1.005564734581,0.000000000000,0.040207560420
5.475744000000,-2.024125914706,-0.220835748098,0.000000000000,0.813695844350,0.000000000000,1.006247494344,0.000000000000,0.040207560420
5.485892000000,-2.025892264162,-0.220322874345,0.000000000000,0.812655424977,0.000000000000,1.006924470195,0.000000000000,0.040207560420
5.495733000000,-2.027645106249,-0.219814033549,0.000000000000,0.811623422247,0.000000000000,1.007595716955,0.000000000000,0.040207560420
5.505730000000,-2.029384533788,-0.219309195574,0.000000000000,0.810599772906,0.000000000000,1.008261283750,0.000000000000,0.040207560420
5.515724000000,-2.031110639496,-0.218808330396,0.000000000000,0.809584413913,0.000000000000,1.008921219407,0.000000000000,0.040207560420
5.525710000000,-2.032823516338,-0.218311408003,0.000000000000,0.808577282228,0.000000000000,1.009575572603,0.000000000000,0.040207560420
5.535706000000,-2.034523256132,-0.217818398798,0.000000000000,0.807578315660,0.000000000000,1.010224391292,0.000000000000,0.040207560420
5.545717000000,-2.036209949247,-0.217329273693,0.000000000000,0.806587453059,0.000000000000,1.010867722589,0.000000000000,0.040207560420
5.555711000000,-2.037883687027,-0.216844003384,0.000000000000,0.805604632811,0.000000000000,1.011505613773,0.000000000000,0.040207560420
5.566667000000,-2.039544490797,-0.216362579293,0.000000000000,0.804629836518,0.000000000000,1.012138083245,0.000000000000,0.040207560420
5.575740000000,-2.041192522374,-0.215884951476,0.000000000000,0.803662959483,0.000000000000,1.012765206640,0.000000000000,0.040207560420
5.585725000000,-2.042827872524,-0.215411091015,0.000000000000,0.802703940854,0.000000000000,1.013387030304,0.000000000000,0.040207560420
5.595712000000,-2.044450631438,-0.214940969226,0.000000000000,0.801752720259,0.000000000000,1.014003600124,0.000000000000,0.040207560420
5.605747000000,-2.046060885510,-0.214474558611,0.000000000000,0.800809239788,0.000000000000,1.014614960221,0.000000000000,0.040207560420
5.615835000000,-2.047658717280,-0.214011832869,0.000000000000,0.799873444020,0.000000000000,1.015221152939,0.000000000000,0.040207560420
5.625725000000,-2.049244223122,-0.213552761689,0.000000000000,0.798945269162,0.000000000000,1.015822226028,0.000000000000,0.040207560420
5.635696000000,-2.050817492828,-0.213097316755,0.000000000000,0.798024655580,0.000000000000,1.016418224356,0.000000000000,0.040207560420
5.645719000000,-2.052378612112,-0.212645471011,0.000000000000,0.797111546262,0.000000000000,1.017009190933,0.000000000000,0.040207560420
5.655712000000,-2.053927668475,-0.212197196933,0.000000000000,0.796205883211,0.000000000000,1.017595169293,0.000000000000,0.040207560420
5.666448000000,-2.055464699080,-0.211752481846,0.000000000000,0.795307639376,0.000000000000,1.018176182441,0.000000000000,0.040207560420
5.675520000000,-2.056989855634,-0.211311279463,0.000000000000,0.794416717658,0.000000000000,1.018752299446,0.000000000000,0.040207560420
5.685604000000,-2.058503217279,-0.210873564876,0.000000000000,0.793533065509,0.000000000000,1.019323559885,0.000000000000,0.040207560420
5.695579000000,-2.060004870445,-0.210439311086,0.000000000000,0.792656626026,0.000000000000,1.019890006086,0.000000000000,0.040207560420
5.705604000000,-2.061494897816,-0.210008492245,0.000000000000,0.791787344699,0.000000000000,1.020451678689,0.000000000000,0.040207560420
5.715593000000,-2.062973384184,-0.209581081933,0.000000000000,0.790925165830,0.000000000000,1.021008619002,0.000000000000,0.040207560420
5.725584000000,-2.064440413784,-0.209157053939,0.000000000000,0.790070034159,0.000000000000,1.021560867933,0.000000000000,0.040207560420
5.735755000000,-2.065896058967,-0.208736385586,0.000000000000,0.789221901786,0.000000000000,1.022108461453,0.000000000000,0.040207560420
5.745820000000,-2.067340399284,-0.208319052125,0.000000000000,0.788380716500,0.000000000000,1.022651438258,0.000000000000,0.040207560420
5.755726000000,-2.068773524167,-0.207905025955,0.000000000000,0.787546420152,0.000000000000,1.023189840828,0.000000000000,0.040207560420
5.765745000000,-2.070195515081,-0.207494281850,0.000000000000,0.786718959547,0.000000000000,1.023723708293,0.000000000000,0.040207560420
5.775735000000,-2.071606454952,-0.207086794199,0.000000000000,0.785898280688,0.000000000000,1.024253080205,0.000000000000,0.040207560420
5.785728000000,-2.073006426040,-0.206682537623,0.000000000000,0.785084330070,0.000000000000,1.024777995694,0.000000000000,0.040207560420
5.795704000000,-2.074395511171,-0.206281486620,0.000000000000,0.784277053933,0.000000000000,1.025298493957,0.000000000000,0.040207560420
5.805784000000,-2.075773786339,-0.205883617721,0.000000000000,0.783476402760,0.000000000000,1.025814611322,0.000000000000,0.040207560420
5.815669000000,-2.077141339186,-0.205488904087,0.000000000000,0.782682320020,0.000000000000,1.026326388599,0.000000000000,0.040207560420
5.825520000000,-2.078498258368,-0.205097318615,0.000000000000,0.781894748650,0.000000000000,1.026833866848,0.000000000000,0.040207560420
5.835603000000,-2.079844617716,-0.204708838580,0.000000000000,0.781113640692,0.000000000000,1.027337081098,0.000000000000,0.040207560420
5.845540000000,-2.081180499623,-0.204323438782,0.000000000000,0.780338943053,0.000000000000,1.027836069636,0.000000000000,0.040207560420
5.855550000000,-2.082505981532,-0.203941095502,0.000000000000,0.779570605726,0.000000000000,1.028330868646,0.000000000000,0.040207560420
5.865663000000,-2.083821134603,-0.203561786892,0.000000000000,0.778808582605,0.000000000000,1.028821511694,0.000000000000,0.040207560420
5.875749000000,-2.085126031659,-0.203185490646,0.000000000000,0.778052826635,0.000000000000,1.029308032876,0.000000000000,0.040207560420
5.885650000000,-2.086420755985,-0.202812181431,0.000000000000,0.777303284476,0.000000000000,1.029790470286,0.000000000000,0.040207560420
5.895632000000,-2.087705385387,-0.202441835544,0.000000000000,0.776559906189,0.000000000000,1.030268859727,0.000000000000,0.040207560420
5.905685000000,-2.088979993188,-0.202074430621,0.000000000000,0.775822644625,0.000000000000,1.030743235109,0.000000000000,0.040207560420
5.915668000000,-2.090244656399,-0.201709943248,0.000000000000,0.775091450460,0.000000000000,1.031213631672,0.000000000000,0.040207560420
5.925716000000,-2.091499447933,-0.201348351236,0.000000000000,0.774366276928,0.000000000000,1.031680082921,0.000000000000,0.040207560420
5.935709000000,-2.092744443472,-0.200989631613,0.000000000000,0.773647075641,0.000000000000,1.032142623334,0.000000000000,0.040207560420
5.945714000000,-2.093979717562,-0.200633761764,0.000000000000,0.772933798966,0.000000000000,1.032601286825,0.000000000000,0.040207560420
5.955708000000,-2.095205344907,-0.200280719052,0.000000000000,0.772226399233,0.000000000000,1.033056107253,0.000000000000,0.040207560420
5.965728000000,-2.096421398343,-0.199930481413,0.000000000000,0.771524829968,0.000000000000,1.033507117635,0.000000000000,0.040207560420
5.975711000000,-2.097627952295,-0.199583026339,0.000000000000,0.770829043791,0.000000000000,1.033954351499,0.000000000000,0.040207560420
5.985710000000,-2.098825079817,-0.199238331748,0.000000000000,0.770138994210,0.000000000000,1.034397841728,0.000000000000,0.040207560420
5.995720000000,-2.100012852933,-0.198896375881,0.000000000000,0.769454635417,0.000000000000,1.034837620695,0.000000000000,0.040207560420
6.005877000000,-2.101191335665,-0.198557139333,0.000000000000,0.768775926502,0.000000000000,1.035273717546,0.000000000000,0.040207560420
6.015726000000,-2.102360608013,-0.198220598060,0.000000000000,0.768102816935,0.000000000000,1.035706167563,0.000000000000,0.040207560420
6.025730000000,-2.103520740983,-0.197886730666,0.000000000000,0.767435261686,0.000000000000,1.036135002414,0.000000000000,0.040207560420
6.035743000000,-2.104671804687,-0.197555516031,0.000000000000,0.766773216316,0.000000000000,1.036560253322,0.000000000000,0.040207560420
6.045738000000,-2.105813869740,-0.197226932912,0.000000000000,0.766116636134,0.000000000000,1.036981951611,0.000000000000,0.040207560420
6.055750000000,-2.106947005439,-0.196900960466,0.000000000000,0.765465477299,0.000000000000,1.037400127993,0.000000000000,0.040207560420
6.065725000000,-2.108071282494,-0.196577577459,0.000000000000,0.764819695161,0.000000000000,1.037814813641,0.000000000000,0.040207560420
6.075714000000,-2.109186770380,-0.196256763037,0.000000000000,0.764179245867,0.000000000000,1.038226039152,0.000000000000,0.040207560420
6.086673000000,-2.110293491104,-0.195938510186,0.000000000000,0.763544114300,0.000000000000,1.038633816623,0.000000000000,0.040207560420
6.095742000000,-2.111391560791,-0.195622784500,0.000000000000,0.762914228506,0.000000000000,1.039038194570,0.000000000000,0.040207560420
6.105743000000,-2.112481046857,-0.195309565772,0.000000000000,0.762289546013,0.000000000000,1.039439202530,0.000000000000,0.040207560420
6.115725000000,-2.113562017186,-0.194998833681,0.000000000000,0.761670024113,0.000000000000,1.039836870135,0.000000000000,0.040207560420
6.125725000000,-2.114634538311,-0.194690568311,0.000000000000,0.761055620957,0.000000000000,1.040231226412,0.000000000000,0.040207560420
6.135883000000,-2.115698668982,-0.194384752030,0.000000000000,0.760446299436,0.000000000000,1.040622297299,0.000000000000,0.040207560420
6.145739000000,-2.116754482057,-0.194081363115,0.000000000000,0.759842013969,0.000000000000,1.041010114104,0.000000000000,0.040207560420
6.155747000000,-2.117802042426,-0.193780382174,0.000000000000,0.759242723822,0.000000000000,1.041394704981,0.000000000000,0.040207560420
6.165729000000,-2.118841415761,-0.193481789605,0.000000000000,0.758648387830,0.000000000000,1.041776098307,0.000000000000,0.040207560420
6.175690000000,-2.119872668183,-0.193185565689,0.000000000000,0.758058964600,0.000000000000,1.042154322556,0.000000000000,0.040207560420
6.186710000000,-2.120895817920,-0.192891704652,0.000000000000,0.757474441655,0.000000000000,1.042529387683,0.000000000000,0.040207560420
6.195728000000,-2.121910975221,-0.192600173966,0.000000000000,0.756894751066,0.000000000000,1.042901339009,0.000000000000,0.040207560420
6.205733000000,-2.122918202769,-0.192310954953,0.000000000000,0.756319853624,0.000000000000,1.043270203466,0.000000000000,0.040207560420
6.215735000000,-2.123917562983,-0.192024029024,0.000000000000,0.755749710316,0.000000000000,1.043636007814,0.000000000000,0.040207560420
6.225750000000,-2.124909117313,-0.191739377884,0.000000000000,0.755184282747,0.000000000000,1.043998778374,0.000000000000,0.040207560420
6.235695000000,-2.125892929854,-0.191456982482,0.000000000000,0.754623530965,0.000000000000,1.044358542414,0.000000000000,0.040207560420
6.245727000000,-2.126869060386,-0.191176825033,0.000000000000,0.754067417649,0.000000000000,1.044715325480,0.000000000000,0.040207560420
6.255718000000,-2.127837570131,-0.190898887345,0.000000000000,0.753515904646,0.000000000000,1.045069153606,0.000000000000,0.040207560420
6.265861000000,-2.128798513500,-0.190623153215,0.000000000000,0.752968957933,0.000000000000,1.045420050153,0.000000000000,0.040207560420
6.275715000000,-2.129751956991,-0.190349602940,0.000000000000,0.752426536245,0.000000000000,1.045768043052,0.000000000000,0.040207560420
6.286725000000,-2.130697918542,-0.190078230937,0.000000000000,0.751888627570,0.000000000000,1.046113141589,0.000000000000,0.040207560420
6.295699000000,-2.131636502279,-0.189809006591,0.000000000000,0.751355168064,0.000000000000,1.046455387965,0.000000000000,0.040207560420
6.305675000000,-2.132567767696,-0.189541912268,0.000000000000,0.750826120768,0.000000000000,1.046794807247,0.000000000000,0.040207560420
6.315689000000,-2.133491772291,-0.189276930919,0.000000000000,0.750301449957,0.000000000000,1.047131423682,0.000000000000,0.040207560420
6.325715000000,-2.134408572747,-0.189014045747,0.000000000000,0.749781120422,0.000000000000,1.047465261147,0.000000000000,0.040207560420
6.335725000000,-2.135318226077,-0.188753239864,0.000000000000,0.749265096785,0.000000000000,1.047796343593,0.000000000000,0.040207560420
6.345730000000,-2.136220789130,-0.188494496441,0.000000000000,0.748753343794,0.000000000000,1.048124694851,0.000000000000,0.040207560420
6.355724000000,-2.137116318808,-0.188237798642,0.000000000000,0.748245826194,0.000000000000,1.048450338723,0.000000000000,0.040207560420
6.365706000000,-2.138004872065,-0.187983129625,0.000000000000,0.747742508724,0.000000000000,1.048773298974,0.000000000000,0.040207560420
6.375727000000,-2.138886503911,-0.187730473123,0.000000000000,0.747243357318,0.000000000000,1.049093598579,0.000000000000,0.040207560420
6.385786000000,-2.139761267594,-0.187479813385,0.000000000000,0.746748338992,0.000000000000,1.049411259794,0.000000000000,0.040207560420
6.395510000000,-2.140629228776,-0.187231131068,0.000000000000,0.746257413334,0.000000000000,1.049726309544,0.000000000000,0.040207560420
6.405438000000,-2.141490444248,-0.186984409413,0.000000000000,0.745770545285,0.000000000000,1.050038771331,0.000000000000,0.040207560420
6.415555000000,-2.142344963230,-0.186739633863,0.000000000000,0.745287704354,0.000000000000,1.050348665734,0.000000000000,0.040207560420
6.425641000000,-2.143192836100,-0.186496789533,0.000000000000,0.744808859381,0.000000000000,1.050656013726,0.000000000000,0.040207560420
6.435645000000,-2.144034116123,-0.186255860709,0.000000000000,0.744333977493,0.000000000000,1.050960837329,0.000000000000,0.040207560420
6.445658000000,-2.144868855877,-0.186016831883,0.000000000000,0.743863026253,0.000000000000,1.051263158264,0.000000000000,0.040207560420
6.455675000000,-2.145697107461,-0.185779687693,0.000000000000,0.743395973535,0.000000000000,1.051562998023,0.000000000000,0.040207560420
6.465699000000,-2.146518922398,-0.185544412951,0.000000000000,0.742932787578,0.000000000000,1.051860377838,0.000000000000,0.040207560420
6.475736000000,-2.147334351446,-0.185310992697,0.000000000000,0.742473437104,0.000000000000,1.052155318609,0.000000000000,0.040207560420
6.485740000000,-2.148143446243,-0.185079411725,0.000000000000,0.742017890324,0.000000000000,1.052447841529,0.000000000000,0.040207560420
6.496799000000,-2.148946221467,-0.184849665548,0.000000000000,0.741566137634,0.000000000000,1.052737953770,0.000000000000,0.040207560420
6.505721000000,-2.149742767908,-0.184621727619,0.000000000000,0.741118123813,0.000000000000,1.053025691251,0.000000000000,0.040207560420
6.515696000000,-2.150533136858,-0.184395582852,0.000000000000,0.740673817344,0.000000000000,1.053311074912,0.000000000000,0.040207560420
6.525864000000,-2.151317372639,-0.184171218183,0.000000000000,0.740233190904,0.000000000000,1.053594123023,0.000000000000,0.040207560420
6.535732000000,-2.152095529747,-0.183948617609,0.000000000000,0.739796211092,0.000000000000,1.053874857657,0.000000000000,0.040207560420
6.545726000000,-2.152867657738,-0.183727766561,0.000000000000,0.739362847490,0.000000000000,1.054153298987,0.000000000000,0.040207560420
6.555734000000,-2.153633805326,-0.183508650722,0.000000000000,0.738933070199,0.000000000000,1.054429466829,0.000000000000,0.040207560420
6.565715000000,-2.154394021771,-0.183291255622,0.000000000000,0.738506849012,0.000000000000,1.054703381171,0.000000000000,0.040207560420
6.575714000000,-2.155148355340,-0.183075567083,0.000000000000,0.738084154336,0.000000000000,1.054975061591,0.000000000000,0.040207560420
6.585704000000,-2.155896854230,-0.182861570954,0.000000000000,0.737664956633,0.000000000000,1.055244527607,0.000000000000,0.040207560420
6.595696000000,-2.156639566198,-0.182649253216,0.000000000000,0.737249226651,0.000000000000,1.055511798536,0.000000000000,0.040207560420
6.605736000000,-2.157376537107,-0.182438600403,0.000000000000,0.736836936283,0.000000000000,1.055776892951,0.000000000000,0.040207560420
6.615693000000,-2.158107815186,-0.182229598370,0.000000000000,0.736428056026,0.000000000000,1.056039830280,0.000000000000,0.040207560420
6.625768000000,-2.158833444525,-0.182022234176,0.000000000000,0.736022558870,0.000000000000,1.056300628365,0.000000000000,0.040207560420
6.635770000000,-2.159553471316,-0.181816494273,0.000000000000,0.735620416560,0.000000000000,1.056559305807,0.000000000000,0.040207560420
6.645739000000,-2.160267942414,-0.181612364928,0.000000000000,0.735221600461,0.000000000000,1.056815881425,0.000000000000,0.040207560420
6.655878000000,-2.160976899080,-0.181409834032,0.000000000000,0.734826085300,0.000000000000,1.057070371907,0.000000000000,0.040207560420
6.665731000000,-2.161680391192,-0.181208886984,0.000000000000,0.734433840664,0.000000000000,1.057322797147,0.000000000000,0.040207560420
6.675787000000,-2.162378461839,-0.181009511156,0.000000000000,0.734044840216,0.000000000000,1.057573174463,0.000000000000,0.040207560420
6.685736000000,-2.163071157077,-0.180811693062,0.000000000000,0.733659055856,0.000000000000,1.057821522255,0.000000000000,0.040207560420
6.695692000000,-2.163758522289,-0.180615419417,0.000000000000,0.733276459902,0.000000000000,1.058067858644,0.000000000000,0.040207560420
6.705724000000,-2.164440600203,-0.180420677707,0.000000000000,0.732897026276,0.000000000000,1.058312200728,0.000000000000,0.040207560420
6.715700000000,-2.165117434915,-0.180227455027,0.000000000000,0.732520728093,0.000000000000,1.058554566091,0.000000000000,0.040207560420
6.725728000000,-2.165789068641,-0.180035739021,0.000000000000,0.732147539603,0.000000000000,1.058794971587,0.000000000000,0.040207560420
6.735715000000,-2.166455544506,-0.179845517071,0.000000000000,0.731777434529,0.000000000000,1.059033434383,0.000000000000,0.040207560420
6.745714000000,-2.167116904939,-0.179656776766,0.000000000000,0.731410387021,0.000000000000,1.059269971362,0.000000000000,0.040207560420
6.755713000000,-2.167773192042,-0.179469505793,0.000000000000,0.731046371437,0.000000000000,1.059504599258,0.000000000000,0.040207560420
6.765686000000,-2.168424448314,-0.179283691727,0.000000000000,0.730685361910,0.000000000000,1.059737334931,0.000000000000,0.040207560420
6.775691000000,-2.169070714994,-0.179099322512,0.000000000000,0.730327333337,0.000000000000,1.059968194745,0.000000000000,0.040207560420
6.785747000000,-2.169712031628,-0.178916386585,0.000000000000,0.729972261640,0.000000000000,1.060197194407,0.000000000000,0.040207560420
6.795702000000,-2.170348440302,-0.178734871650,0.000000000000,0.729620121232,0.000000000000,1.060424350551,0.000000000000,0.040207560420
6.806832000000,-2.170979951206,-0.178554774642,0.000000000000,0.729270905588,0.000000000000,1.060649667884,0.000000000000,0.040207560420
6.815725000000,-2.171606636122,-0.178376074682,0.000000000000,0.728924571411,0.000000000000,1.060873174077,0.000000000000,0.040207560420
6.825706000000,-2.172228535310,-0.178198760014,0.000000000000,0.728581094240,0.000000000000,1.061094885016,0.000000000000,0.040207560420
6.835477000000,-2.172845694175,-0.178022817395,0.000000000000,0.728240446551,0.000000000000,1.061314818483,0.000000000000,0.040207560420
6.845524000000,-2.173458150181,-0.177848235882,0.000000000000,0.727902605576,0.000000000000,1.061532989277,0.000000000000,0.040207560420
6.855516000000,-2.174065942037,-0.177675004175,0.000000000000,0.727567547809,0.000000000000,1.061749412642,0.000000000000,0.040207560420
6.865595000000,-2.174669105940,-0.177503111704,0.000000000000,0.727235251254,0.000000000000,1.061964102865,0.000000000000,0.040207560420
6.875590000000,-2.175267680106,-0.177332547318,0.000000000000,0.726905692724,0.000000000000,1.062177074965,0.000000000000,0.040207560420
6.885716000000,-2.175861699171,-0.177163300902,0.000000000000,0.726578851172,0.000000000000,1.062388342611,0.000000000000,0.040207560420
6.895755000000,-2.176451199909,-0.176995361726,0.000000000000,0.726254704287,0.000000000000,1.062597920250,0.000000000000,0.040207560420
6.905751000000,-2.177036219940,-0.176828718820,0.000000000000,0.725933229263,0.000000000000,1.062805822620,0.000000000000,0.040207560420
6.915966000000,-2.177616791224,-0.176663362851,0.000000000000,0.725614406680,0.000000000000,1.063012062342,0.000000000000,0.040207560420
6.925762000000,-2.178192956007,-0.176499281514,0.000000000000,0.725298210988,0.000000000000,1.063216655840,0.000000000000,0.040207560420
6.935760000000,-2.178764750956,-0.176336464121,0.000000000000,0.724984619977,0.000000000000,1.063419617446,0.000000000000,0.040207560420
6.945773000000,-2.179332212088,-0.176174900174,0.000000000000,0.724673611831,0.000000000000,1.063620961236,0.000000000000,0.040207560420
6.955657000000,-2.179895378201,-0.176014578373,0.000000000000,0.724365163085,0.000000000000,1.063820702298,0.000000000000,0.040207560420
6.965733000000,-2.180454283083,-0.175855488868,0.000000000000,0.724059253270,0.000000000000,1.064018853845,0.000000000000,0.040207560420
6.975666000000,-2.181008963716,-0.175697620889,0.000000000000,0.723755860020,0.000000000000,1.064215430259,0.000000000000,0.040207560420
6.985765000000,-2.181559452849,-0.175540964890,0.000000000000,0.723454963501,0.000000000000,1.064410444335,0.000000000000,0.040207560420
6.995728000000,-2.182105786255,-0.175385510456,0.000000000000,0.723156542084,0.000000000000,1.064603909973,0.000000000000,0.040207560420
7.005696000000,-2.182647999243,-0.175231247305,0.000000000000,0.722860574424,0.000000000000,1.064795840887,0.000000000000,0.040207560420
7.016673000000,-2.183186104131,-0.175078171803,0.000000000000,0.722567052884,0.000000000000,1.064986242253,0.000000000000,0.040207560420
7.025722000000,-2.183720157690,-0.174926267471,0.000000000000,0.722275943344,0.000000000000,1.065175135708,0.000000000000,0.040207560420
7.035679000000,-2.184250194539,-0.174775524235,0.000000000000,0.721987224895,0.000000000000,1.065362534666,0.000000000000,0.040207560420
7.045862000000,-2.184776244006,-0.174625933549,0.000000000000,0.721700879782,0.000000000000,1.065548450564,0.000000000000,0.040207560420
