time,right_j0,right_j1,right_j2,right_j3,right_j4,right_j5,right_j6,right_gripper
0.299807000000,-0.378786471586,-0.922267456316,0.000000000000,1.955913251375,0.000000000000,0.327758967755,0.000000000000,0.040207560420
0.300330000000,-0.380994236513,-0.922214902761,0.000000000000,1.954717175481,0.000000000000,0.329438969720,0.000000000000,0.040207560420
0.310504000000,-0.384176862330,-0.922140345949,0.000000000000,1.952998610767,0.000000000000,0.331862775277,0.000000000000,0.040207560420
0.320564000000,-0.388186521119,-0.922048518627,0.000000000000,1.950844647388,0.000000000000,0.334920168171,0.000000000000,0.040207560420
0.330578000000,-0.392857961848,-0.921944292962,0.000000000000,1.948352656809,0.000000000000,0.338487758350,0.000000000000,0.040207560420
0.340577000000,-0.398021701628,-0.921832202782,0.000000000000,1.945622198489,0.000000000000,0.342439007841,0.000000000000,0.040207560420
0.351077000000,-0.403513990477,-0.921716303778,0.000000000000,1.942748642578,0.000000000000,0.346652296173,0.000000000000,0.040207560420
0.360578000000,-0.409214715405,-0.921599477592,0.000000000000,1.939800577381,0.000000000000,0.351039615783,0.000000000000,0.040207560420
0.370605000000,-0.415033728449,-0.921483924837,0.000000000000,1.936827593740,0.000000000000,0.355536530790,0.000000000000,0.040207560420
0.380614000000,-0.420914357273,-0.921371085153,0.000000000000,1.933858704696,0.000000000000,0.360103706791,0.000000000000,0.040207560420
0.390592000000,-0.426823906652,-0.921261784966,0.000000000000,1.930908635677,0.000000000000,0.364718258243,0.000000000000,0.040207560420
0.400645000000,-0.432744515554,-0.921156401188,0.000000000000,1.927983648971,0.000000000000,0.369365751472,0.000000000000,0.040207560420
0.410691000000,-0.438667053162,-0.921055040777,0.000000000000,1.925085231596,0.000000000000,0.374035405125,0.000000000000,0.040207560420
0.420643000000,-0.444587110727,-0.920957744106,0.000000000000,1.922212253402,0.000000000000,0.378717710465,0.000000000000,0.040207560420
0.430626000000,-0.450502583337,-0.920864654063,0.000000000000,1.919362065520,0.000000000000,0.383403387794,0.000000000000,0.040207560420
0.440626000000,-0.456412393695,-0.920776110935,0.000000000000,1.916531097195,0.000000000000,0.388083348250,0.000000000000,0.040207560420
0.452214000000,-0.462315672891,-0.920692787613,0.000000000000,1.913714683306,0.000000000000,0.392748017266,0.000000000000,0.040207560420
0.460728000000,-0.468211756997,-0.920615324381,0.000000000000,1.910909335121,0.000000000000,0.397391624851,0.000000000000,0.040207560420
0.470617000000,-0.474099734587,-0.920544577983,0.000000000000,1.908111320263,0.000000000000,0.402008925483,0.000000000000,0.040207560420
0.480626000000,-0.479978632827,-0.920481410209,0.000000000000,1.905317538962,0.000000000000,0.406595754523,0.000000000000,0.040207560420
0.490616000000,-0.485847652141,-0.920426499059,0.000000000000,1.902525971350,0.000000000000,0.411148218103,0.000000000000,0.040207560420
0.500633000000,-0.491706378401,-0.920380165137,0.000000000000,1.899735955719,0.000000000000,0.415661883048,0.000000000000,0.040207560420
0.510623000000,-0.497554877615,-0.920342246144,0.000000000000,1.896948170744,0.000000000000,0.420131561813,0.000000000000,0.040207560420
0.520639000000,-0.503393639224,-0.920312035575,0.000000000000,1.894164271484,0.000000000000,0.424551715071,0.000000000000,0.040207560420
0.530609000000,-0.509223431641,-0.920288283738,0.000000000000,1.891386336077,0.000000000000,0.428917291614,0.000000000000,0.040207560420
0.540635000000,-0.515045173146,-0.920269258880,0.000000000000,1.888616421887,0.000000000000,0.433224296066,0.000000000000,0.040207560420
0.550595000000,-0.520859835087,-0.920252971166,0.000000000000,1.885856300094,0.000000000000,0.437469907043,0.000000000000,0.040207560420
0.560666000000,-0.526668414041,-0.920237486659,0.000000000000,1.883107456139,0.000000000000,0.441651944320,0.000000000000,0.040207560420
0.570649000000,-0.532471894847,-0.920221359789,0.000000000000,1.880371148502,0.000000000000,0.445768221913,0.000000000000,0.040207560420
0.580653000000,-0.538271266309,-0.920203879815,0.000000000000,1.877648560817,0.000000000000,0.449815969337,0.000000000000,0.040207560420
0.590661000000,-0.544067544498,-0.920185084357,0.000000000000,1.874940937711,0.000000000000,0.453791708748,0.000000000000,0.040207560420
0.600648000000,-0.549861801044,-0.920165514324,0.000000000000,1.872249703462,0.000000000000,0.457691599847,0.000000000000,0.040207560420
0.610667000000,-0.555655196114,-0.920145842006,0.000000000000,1.869576563462,0.000000000000,0.461512010989,0.000000000000,0.040207560420
0.620696000000,-0.561448997464,-0.920126522335,0.000000000000,1.866923542077,0.000000000000,0.465250079129,0.000000000000,0.040207560420
0.630659000000,-0.567244577104,-0.920107581383,0.000000000000,1.864292917914,0.000000000000,0.468904011879,0.000000000000,0.040207560420
0.640670000000,-0.573043409003,-0.920088559349,0.000000000000,1.861687102911,0.000000000000,0.472473053386,0.000000000000,0.040207560420
0.650651000000,-0.578847016290,-0.920068562718,0.000000000000,1.859108405696,0.000000000000,0.475957323127,0.000000000000,0.040207560420
0.660716000000,-0.584656946490,-0.920046359501,0.000000000000,1.856558857038,0.000000000000,0.479357581700,0.000000000000,0.040207560420
0.670666000000,-0.590474714101,-0.920020546941,0.000000000000,1.854040063925,0.000000000000,0.482675017827,0.000000000000,0.040207560420
0.680728000000,-0.596301826657,-0.919989698936,0.000000000000,1.851553274960,0.000000000000,0.485911087888,0.000000000000,0.040207560420
0.690691000000,-0.602139740855,-0.919952606063,0.000000000000,1.849099460116,0.000000000000,0.489067382565,0.000000000000,0.040207560420
0.700684000000,-0.607989868064,-0.919908458802,0.000000000000,1.846679475043,0.000000000000,0.492145569259,0.000000000000,0.040207560420
0.710665000000,-0.613853551104,-0.919856980326,0.000000000000,1.844294177565,0.000000000000,0.495147390205,0.000000000000,0.040207560420
0.720689000000,-0.619732052408,-0.919798429531,0.000000000000,1.841944496539,0.000000000000,0.498074752588,0.000000000000,0.040207560420
0.730668000000,-0.625626509083,-0.919733466970,0.000000000000,1.839631410488,0.000000000000,0.500929881110,0.000000000000,0.040207560420
0.740650000000,-0.631537891025,-0.919662929189,0.000000000000,1.837355886280,0.000000000000,0.503715534738,0.000000000000,0.040207560420
0.750607000000,-0.637466946165,-0.919587578822,0.000000000000,1.835118787210,0.000000000000,0.506435199480,0.000000000000,0.040207560420
0.760626000000,-0.643414172775,-0.919507908622,0.000000000000,1.832920810311,0.000000000000,0.509093236248,0.000000000000,0.040207560420
0.770621000000,-0.649379807655,-0.919424021806,0.000000000000,1.830762440360,0.000000000000,0.511694827071,0.000000000000,0.040207560420
0.780628000000,-0.655363850788,-0.919335606991,0.000000000000,1.828643953435,0.000000000000,0.514245796359,0.000000000000,0.040207560420
0.790604000000,-0.661366102217,-0.919241976129,0.000000000000,1.826565437536,0.000000000000,0.516752264776,0.000000000000,0.040207560420
0.800625000000,-0.667386201696,-0.919142118816,0.000000000000,1.824526827972,0.000000000000,0.519220326604,0.000000000000,0.040207560420
0.810618000000,-0.673423665063,-0.919034766346,0.000000000000,1.822527937346,0.000000000000,0.521655689414,0.000000000000,0.040207560420
0.820640000000,-0.679477910635,-0.918918424985,0.000000000000,1.820568485617,0.000000000000,0.524063479349,0.000000000000,0.040207560420
0.830601000000,-0.685548282123,-0.918791416507,0.000000000000,1.818648122265,0.000000000000,0.526448065412,0.000000000000,0.040207560420
0.840629000000,-0.691634052688,-0.918651872019,0.000000000000,1.816766441263,0.000000000000,0.528813033844,0.000000000000,0.040207560420
0.850604000000,-0.697734434241,-0.918497768647,0.000000000000,1.814922986131,0.000000000000,0.531161104496,0.000000000000,0.040207560420
0.860621000000,-0.703848569627,-0.918326923110,0.000000000000,1.813117241686,0.000000000000,0.533494151810,0.000000000000,0.040207560420
0.870598000000,-0.709975533602,-0.918137030822,0.000000000000,1.811348613053,0.000000000000,0.535813234876,0.000000000000,0.040207560420
0.880597000000,-0.716114322125,-0.917925686216,0.000000000000,1.809616385440,0.000000000000,0.538118706493,0.000000000000,0.040207560420
0.890587000000,-0.722263847771,-0.917690447742,0.000000000000,1.807919670026,0.000000000000,0.540410361086,0.000000000000,0.040207560420
0.900616000000,-0.728422926881,-0.917428901395,0.000000000000,1.806257334051,0.000000000000,0.542687607817,0.000000000000,0.040207560420
0.910597000000,-0.734590281283,-0.917138764886,0.000000000000,1.804627940823,0.000000000000,0.544949647256,0.000000000000,0.040207560420
0.920620000000,-0.740764522271,-0.916817933190,0.000000000000,1.803029683956,0.000000000000,0.547195595884,0.000000000000,0.040207560420
0.930660000000,-0.746944151895,-0.916464530109,0.000000000000,1.801460355474,0.000000000000,0.549424561533,0.000000000000,0.040207560420
0.940647000000,-0.753127579561,-0.916076940448,0.000000000000,1.799917360822,0.000000000000,0.551635658449,0.000000000000,0.040207560420
0.950588000000,-0.759313136448,-0.915653805055,0.000000000000,1.798397754208,0.000000000000,0.553827957559,0.000000000000,0.040207560420
0.960625000000,-0.765499072148,-0.915193989065,0.000000000000,1.796898252652,0.000000000000,0.556000380852,0.000000000000,0.040207560420
0.970623000000,-0.771683600629,-0.914696591037,0.000000000000,1.795415342127,0.000000000000,0.558151609623,0.000000000000,0.040207560420
0.980617000000,-0.777864917591,-0.914160922390,0.000000000000,1.793945335355,0.000000000000,0.560279977058,0.000000000000,0.040207560420
0.990593000000,-0.784041224157,-0.913586491803,0.000000000000,1.792484439647,0.000000000000,0.562383390063,0.000000000000,0.040207560420
1.000612000000,-0.790210735684,-0.912972983010,0.000000000000,1.791028793387,0.000000000000,0.564459263788,0.000000000000,0.040207560420
1.010608000000,-0.796371714505,-0.912320242862,0.000000000000,1.789574553620,0.000000000000,0.566504526073,0.000000000000,0.040207560420
1.020629000000,-0.802522484342,-0.911628263985,0.000000000000,1.788117948349,0.000000000000,0.568515622368,0.000000000000,0.040207560420
1.030597000000,-0.808661467691,-0.910897175525,0.000000000000,1.786655381183,0.000000000000,0.570488594502,0.000000000000,0.040207560420
1.040604000000,-0.814787192782,-0.910127231172,0.000000000000,1.785183470815,0.000000000000,0.572419105817,0.000000000000,0.040207560420
1.050583000000,-0.820898321445,-0.909318801840,0.000000000000,1.783699136460,0.000000000000,0.574302548097,0.000000000000,0.040207560420
1.060630000000,-0.826993645688,-0.908472367367,0.000000000000,1.782199615012,0.000000000000,0.576134082357,0.000000000000,0.040207560420
1.070597000000,-0.833072108964,-0.907588504678,0.000000000000,1.780682533509,0.000000000000,0.577908828410,0.000000000000,0.040207560420
1.080619000000,-0.839132785016,-0.906667878750,0.000000000000,1.779145893143,0.000000000000,0.579621930257,0.000000000000,0.040207560420
1.090579000000,-0.845174881656,-0.905711226686,0.000000000000,1.777588108490,0.000000000000,0.581268781136,0.000000000000,0.040207560420
1.100767000000,-0.851197705245,-0.904719357314,0.000000000000,1.776007976949,0.000000000000,0.582845058206,0.000000000000,0.040207560420
1.110612000000,-0.857200695263,-0.903693110825,0.000000000000,1.774404758677,0.000000000000,0.584347162952,0.000000000000,0.040207560420
1.120664000000,-0.863183369910,-0.902633370862,0.000000000000,1.772778114118,0.000000000000,0.585772112667,0.000000000000,0.040207560420
1.130783000000,-0.869145327011,-0.901541041981,0.000000000000,1.771128117652,0.000000000000,0.587117720364,0.000000000000,0.040207560420
1.140735000000,-0.875086244340,-0.900417017496,0.000000000000,1.769455229946,0.000000000000,0.588382698126,0.000000000000,0.040207560420
1.150640000000,-0.881005859673,-0.899262165753,0.000000000000,1.767760250025,0.000000000000,0.589566604562,0.000000000000,0.040207560420
1.160748000000,-0.886903949059,-0.898077320572,0.000000000000,1.766044286981,0.000000000000,0.590669794941,0.000000000000,0.040207560420
1.170713000000,-0.892780330157,-0.896863238519,0.000000000000,1.764308674441,0.000000000000,0.591693379441,0.000000000000,0.040207560420
1.180675000000,-0.898634846588,-0.895620583809,0.000000000000,1.762554921519,0.000000000000,0.592639134559,0.000000000000,0.040207560420
1.190642000000,-0.904467360096,-0.894349909090,0.000000000000,1.760784657385,0.000000000000,0.593509423178,0.000000000000,0.040207560420
1.200705000000,-0.910277742940,-0.893051642511,0.000000000000,1.758999595533,0.000000000000,0.594307136735,0.000000000000,0.040207560420
1.210685000000,-0.916065882063,-0.891726079203,0.000000000000,1.757201464148,0.000000000000,0.595035578475,0.000000000000,0.040207560420
1.220656000000,-0.921831678640,-0.890373387044,0.000000000000,1.755391984015,0.000000000000,0.595698399330,0.000000000000,0.040207560420
1.230663000000,-0.927575052199,-0.888993619042,0.000000000000,1.753572849758,0.000000000000,0.596299535084,0.000000000000,0.040207560420
1.240675000000,-0.933295949886,-0.887586735206,0.000000000000,1.751745704397,0.000000000000,0.596843118171,0.000000000000,0.040207560420
1.250694000000,-0.938994356887,-0.886152630674,0.000000000000,1.749912123240,0.000000000000,0.597333397615,0.000000000000,0.040207560420
1.260841000000,-0.944670306359,-0.884691162448,0.000000000000,1.748073617281,0.000000000000,0.597774704848,0.000000000000,0.040207560420
1.270807000000,-0.950323895173,-0.883202194178,0.000000000000,1.746231579412,0.000000000000,0.598171261250,0.000000000000,0.040207560420
1.280725000000,-0.955955289960,-0.881685619011,0.000000000000,1.744387298332,0.000000000000,0.598527164086,0.000000000000,0.040207560420
1.291069000000,-0.961564737253,-0.880141367323,0.000000000000,1.742542009736,0.000000000000,0.598846501655,0.000000000000,0.040207560420
1.300626000000,-0.967152556186,-0.878569459443,0.000000000000,1.740696759595,0.000000000000,0.599132887185,0.000000000000,0.040207560420
1.310660000000,-0.972719151306,-0.876969977284,0.000000000000,1.738852549232,0.000000000000,0.599389873865,0.000000000000,0.040207560420
1.320644000000,-0.978265001980,-0.875343080975,0.000000000000,1.737010283981,0.000000000000,0.599620755454,0.000000000000,0.040207560420
1.330670000000,-0.983790656863,-0.873689003659,0.000000000000,1.735170790948,0.000000000000,0.599828586569,0.000000000000,0.040207560420
1.340714000000,-0.989296722399,-0.872008043819,0.000000000000,1.733334826897,0.000000000000,0.600016171687,0.000000000000,0.040207560420
1.350650000000,-0.994783843481,-0.870300552935,0.000000000000,1.731503080156,0.000000000000,0.600186037235,0.000000000000,0.040207560420
1.360723000000,-1.000252701297,-0.868566925218,0.000000000000,1.729676198639,0.000000000000,0.600340492293,0.000000000000,0.040207560420
1.370648000000,-1.005703984800,-0.866807581277,0.000000000000,1.727854779836,0.000000000000,0.600481574070,0.000000000000,0.040207560420
1.380637000000,-1.011138389230,-0.865022959322,0.000000000000,1.726039392705,0.000000000000,0.600611099283,0.000000000000,0.040207560420
1.390681000000,-1.016556604602,-0.863213504767,0.000000000000,1.724230582477,0.000000000000,0.600730669014,0.000000000000,0.040207560420
1.400655000000,-1.021959299631,-0.861379658981,0.000000000000,1.722428866903,0.000000000000,0.600841663250,0.000000000000,0.040207560420
1.410630000000,-1.027347118219,-0.859521853778,0.000000000000,1.720634741927,0.000000000000,0.600945267097,0.000000000000,0.040207560420
1.420691000000,-1.032720677489,-0.857640507848,0.000000000000,1.718848685288,0.000000000000,0.601042494888,0.000000000000,0.040207560420
1.430691000000,-1.038080555409,-0.855736020703,0.000000000000,1.717071145415,0.000000000000,0.601134194131,0.000000000000,0.040207560420
1.440633000000,-1.043427287268,-0.853808771132,0.000000000000,1.715302537229,0.000000000000,0.601221067445,0.000000000000,0.040207560420
1.450670000000,-1.048761368285,-0.851859118713,0.000000000000,1.713543243408,0.000000000000,0.601303700998,0.000000000000,0.040207560420
1.460695000000,-1.054083245655,-0.849887402427,0.000000000000,1.711793602022,0.000000000000,0.601382575849,0.000000000000,0.040207560420
1.470691000000,-1.059393315536,-0.847893941478,0.000000000000,1.710053898910,0.000000000000,0.601458085208,0.000000000000,0.040207560420
1.480672000000,-1.064691921825,-0.845879036884,0.000000000000,1.708324361769,0.000000000000,0.601530551230,0.000000000000,0.040207560420
1.490636000000,-1.069979355290,-0.843842973161,0.000000000000,1.706605154467,0.000000000000,0.601600239135,0.000000000000,0.040207560420
1.500652000000,-1.075255854665,-0.841786020567,0.000000000000,1.704896373755,0.000000000000,0.601667370569,0.000000000000,0.040207560420
1.510687000000,-1.080521606649,-0.839708436805,0.000000000000,1.703198044559,0.000000000000,0.601732132618,0.000000000000,0.040207560420
1.520708000000,-1.085776747624,-0.837610469063,0.000000000000,1.701510117674,0.000000000000,0.601794685484,0.000000000000,0.040207560420
1.530625000000,-1.091021366990,-0.835492356177,0.000000000000,1.699832470254,0.000000000000,0.601855168074,0.000000000000,0.040207560420
1.540656000000,-1.096255510961,-0.833354332008,0.000000000000,1.698164905926,0.000000000000,0.601913705504,0.000000000000,0.040207560420
1.550710000000,-1.101479186275,-0.831196628031,0.000000000000,1.696507156168,0.000000000000,0.601970411539,0.000000000000,0.040207560420
1.560682000000,-1.106692365827,-0.829019476136,0.000000000000,1.694858885619,0.000000000000,0.602025390266,0.000000000000,0.040207560420
1.570692000000,-1.111894992200,-0.826823112321,0.000000000000,1.693219693012,0.000000000000,0.602078738954,0.000000000000,0.040207560420
1.580672000000,-1.117086983066,-0.824607779791,0.000000000000,1.691589117120,0.000000000000,0.602130548599,0.000000000000,0.040207560420
1.590705000000,-1.122268234022,-0.822373732770,0.000000000000,1.689966637577,0.000000000000,0.602180905196,0.000000000000,0.040207560420
1.600688000000,-1.127438624438,-0.820121239087,0.000000000000,1.688351683810,0.000000000000,0.602229889366,0.000000000000,0.040207560420
1.610649000000,-1.132598020550,-0.817850583218,0.000000000000,1.686743638768,0.000000000000,0.602277576767,0.000000000000,0.040207560420
1.620659000000,-1.137746276875,-0.815562069795,0.000000000000,1.685141839477,0.000000000000,0.602324038626,0.000000000000,0.040207560420
1.630638000000,-1.142883240581,-0.813256025128,0.000000000000,1.683545586654,0.000000000000,0.602369341338,0.000000000000,0.040207560420
1.640727000000,-1.148008750057,-0.810932801729,0.000000000000,1.681954140299,0.000000000000,0.602413547310,0.000000000000,0.040207560420
1.650639000000,-1.153122643715,-0.808592774915,0.000000000000,1.680366745336,0.000000000000,0.602456713709,0.000000000000,0.040207560420
1.660675000000,-1.158224753477,-0.806236350327,0.000000000000,1.678782615963,0.000000000000,0.602498894153,0.000000000000,0.040207560420
1.670641000000,-1.163314910526,-0.803863961083,0.000000000000,1.677200956297,0.000000000000,0.602540138145,0.000000000000,0.040207560420
1.680629000000,-1.168392943285,-0.801476071320,0.000000000000,1.675620959995,0.000000000000,0.602580491820,0.000000000000,0.040207560420
1.690639000000,-1.173458677492,-0.799073177633,0.000000000000,1.674041817099,0.000000000000,0.602619998337,0.000000000000,0.040207560420
1.700692000000,-1.178511935477,-0.796655811262,0.000000000000,1.672462719477,0.000000000000,0.602658698353,0.000000000000,0.040207560420
1.710685000000,-1.183552538741,-0.794224535137,0.000000000000,1.670882876317,0.000000000000,0.602696630133,0.000000000000,0.040207560420
1.720663000000,-1.188580306364,-0.791779946225,0.000000000000,1.669301517458,0.000000000000,0.602733830131,0.000000000000,0.040207560420
1.730668000000,-1.193595053415,-0.789322678248,0.000000000000,1.667717896841,0.000000000000,0.602770333518,0.000000000000,0.040207560420
1.740733000000,-1.198596589577,-0.786853404401,0.000000000000,1.666131296631,0.000000000000,0.602806174621,0.000000000000,0.040207560420
1.750691000000,-1.203584723861,-0.784372828336,0.000000000000,1.664541045163,0.000000000000,0.602841386780,0.000000000000,0.040207560420
1.760664000000,-1.208559260845,-0.781881690715,0.000000000000,1.662946512816,0.000000000000,0.602876002944,0.000000000000,0.040207560420
1.770666000000,-1.213520000220,-0.779380770040,0.000000000000,1.661347115668,0.000000000000,0.602910055896,0.000000000000,0.040207560420
1.781734000000,-1.218466703609,-0.776870958348,0.000000000000,1.659742261581,0.000000000000,0.602943581232,0.000000000000,0.040207560420
1.790734000000,-1.223399195910,-0.774353029964,0.000000000000,1.658131529245,0.000000000000,0.602976608784,0.000000000000,0.040207560420
1.800775000000,-1.228317265295,-0.771827869494,0.000000000000,1.656514495713,0.000000000000,0.603009171217,0.000000000000,0.040207560420
1.810628000000,-1.233220703981,-0.769296376958,0.000000000000,1.654890804525,0.000000000000,0.603041300549,0.000000000000,0.040207560420
1.820632000000,-1.238109297738,-0.766759493853,0.000000000000,1.653260152042,0.000000000000,0.603073028997,0.000000000000,0.040207560420
1.830588000000,-1.242982833528,-0.764218183903,0.000000000000,1.651622296728,0.000000000000,0.603104388251,0.000000000000,0.040207560420
1.840614000000,-1.247841096549,-0.761673441223,0.000000000000,1.649977056188,0.000000000000,0.603135409611,0.000000000000,0.040207560420
1.850617000000,-1.252683874537,-0.759126278852,0.000000000000,1.648324310328,0.000000000000,0.603166123501,0.000000000000,0.040207560420
1.860743000000,-1.257510953980,-0.756577740262,0.000000000000,1.646663999453,0.000000000000,0.603196559609,0.000000000000,0.040207560420
1.870645000000,-1.262322133119,-0.754028861046,0.000000000000,1.644996127976,0.000000000000,0.603226745728,0.000000000000,0.040207560420
1.881070000000,-1.267117197966,-0.751480743157,0.000000000000,1.643320761132,0.000000000000,0.603256709350,0.000000000000,0.040207560420
1.890639000000,-1.271895969553,-0.748934406179,0.000000000000,1.641638023226,0.000000000000,0.603286474155,0.000000000000,0.040207560420
1.900606000000,-1.276658262959,-0.746390917062,0.000000000000,1.639948098529,0.000000000000,0.603316062768,0.000000000000,0.040207560420
1.910608000000,-1.281403900560,-0.743851348434,0.000000000000,1.638251230137,0.000000000000,0.603345495680,0.000000000000,0.040207560420
1.920574000000,-1.286132715189,-0.741316767719,0.000000000000,1.636547717309,0.000000000000,0.603374790960,0.000000000000,0.040207560420
1.930524000000,-1.290844550230,-0.738788236295,0.000000000000,1.634837913675,0.000000000000,0.603403964176,0.000000000000,0.040207560420
1.940547000000,-1.295539257681,-0.736266816432,0.000000000000,1.633122228107,0.000000000000,0.603433028419,0.000000000000,0.040207560420
1.950548000000,-1.300216701608,-0.733753557806,0.000000000000,1.631401119366,0.000000000000,0.603461994120,0.000000000000,0.040207560420
1.960581000000,-1.304876757097,-0.731249500654,0.000000000000,1.629675095423,0.000000000000,0.603490869088,0.000000000000,0.040207560420
1.970573000000,-1.309519312596,-0.728755664871,0.000000000000,1.627944706852,0.000000000000,0.603519658494,0.000000000000,0.040207560420
1.980597000000,-1.314144268242,-0.726273055316,0.000000000000,1.626210546824,0.000000000000,0.603548364974,0.000000000000,0.040207560420
1.990623000000,-1.318751536835,-0.723802655700,0.000000000000,1.624473245785,0.000000000000,0.603576988703,0.000000000000,0.040207560420
2.000616000000,-1.323341044700,-0.721345422126,0.000000000000,1.622733465059,0.000000000000,0.603605527543,0.000000000000,0.040207560420
2.010596000000,-1.327912731132,-0.718902282645,0.000000000000,1.620991893496,0.000000000000,0.603633977204,0.000000000000,0.040207560420
2.020660000000,-1.332466546358,-0.716474144511,0.000000000000,1.619249249671,0.000000000000,0.603662331340,0.000000000000,0.040207560420
2.030618000000,-1.337002455219,-0.714061871983,0.000000000000,1.617506263982,0.000000000000,0.603690581887,0.000000000000,0.040207560420
2.040625000000,-1.341520433887,-0.711666299562,0.000000000000,1.615763684900,0.000000000000,0.603718719133,0.000000000000,0.040207560420
2.050617000000,-1.346020470820,-0.709288222995,0.000000000000,1.614022269628,0.000000000000,0.603746731987,0.000000000000,0.040207560420
2.060617000000,-1.350502566054,-0.706928399045,0.000000000000,1.612282781185,0.000000000000,0.603774608160,0.000000000000,0.040207560420
2.070668000000,-1.354966730283,-0.704587546794,0.000000000000,1.610545987235,0.000000000000,0.603802334310,0.000000000000,0.040207560420
2.080604000000,-1.359412986773,-0.702266331141,0.000000000000,1.608812642755,0.000000000000,0.603829896495,0.000000000000,0.040207560420
2.090627000000,-1.363841368165,-0.699965378153,0.000000000000,1.607083501673,0.000000000000,0.603857280061,0.000000000000,0.040207560420
2.100615000000,-1.368251917611,-0.697685263131,0.000000000000,1.605359303378,0.000000000000,0.603884470023,0.000000000000,0.040207560420
2.110599000000,-1.372644687858,-0.695426511764,0.000000000000,1.603640771528,0.000000000000,0.603911451193,0.000000000000,0.040207560420
2.120628000000,-1.377019740274,-0.693189602172,0.000000000000,1.601928614388,0.000000000000,0.603938208257,0.000000000000,0.040207560420
2.130606000000,-1.381377145172,-0.690974957535,0.000000000000,1.600223514525,0.000000000000,0.603964726091,0.000000000000,0.040207560420
2.140623000000,-1.385716980439,-0.688782951234,0.000000000000,1.598526132801,0.000000000000,0.603990989739,0.000000000000,0.040207560420
2.150598000000,-1.390039331518,-0.686613901852,0.000000000000,1.596837100121,0.000000000000,0.604016984671,0.000000000000,0.040207560420
2.160605000000,-1.394344290240,-0.684468077188,0.000000000000,1.595157020608,0.000000000000,0.604042696766,0.000000000000,0.040207560420
2.170615000000,-1.398631954356,-0.682345692877,0.000000000000,1.593486467724,0.000000000000,0.604068112443,0.000000000000,0.040207560420
2.180617000000,-1.402902426877,-0.680246912523,0.000000000000,1.591825982107,0.000000000000,0.604093218761,0.000000000000,0.040207560420
2.190632000000,-1.407155815243,-0.678171849303,0.000000000000,1.590176071678,0.000000000000,0.604118003446,0.000000000000,0.040207560420
2.200603000000,-1.411392230789,-0.676120565375,0.000000000000,1.588537207445,0.000000000000,0.604142455022,0.000000000000,0.040207560420
2.210610000000,-1.415611787664,-0.674093075521,0.000000000000,1.586909827426,0.000000000000,0.604166562733,0.000000000000,0.040207560420
2.220612000000,-1.419814602201,-0.672089347438,0.000000000000,1.585294333818,0.000000000000,0.604190316628,0.000000000000,0.040207560420
2.230588000000,-1.424000792173,-0.670109303217,0.000000000000,1.583691091817,0.000000000000,0.604213707606,0.000000000000,0.040207560420
2.240597000000,-1.428170475830,-0.668152821954,0.000000000000,1.582100432303,0.000000000000,0.604236727347,0.000000000000,0.040207560420
2.250603000000,-1.432323771197,-0.666219741109,0.000000000000,1.580522650151,0.000000000000,0.604259368363,0.000000000000,0.040207560420
2.260622000000,-1.436460795241,-0.664309858553,0.000000000000,1.578958005032,0.000000000000,0.604281623977,0.000000000000,0.040207560420
2.270674000000,-1.440581663026,-0.662422934420,0.000000000000,1.577406722258,0.000000000000,0.604303488294,0.000000000000,0.040207560420
2.280595000000,-1.444686487393,-0.660558694169,0.000000000000,1.575868988021,0.000000000000,0.604324956335,0.000000000000,0.040207560420
2.292019000000,-1.448775373176,-0.658716813279,0.000000000000,1.574344993914,0.000000000000,0.604346022743,0.000000000000,0.040207560420
2.300632000000,-1.452848430048,-0.656896968774,0.000000000000,1.572834823915,0.000000000000,0.604366685069,0.000000000000,0.040207560420
2.310600000000,-1.456905758692,-0.655098793184,0.000000000000,1.571338564781,0.000000000000,0.604386940551,0.000000000000,0.040207560420
2.320627000000,-1.460947454217,-0.653321891283,0.000000000000,1.569856272072,0.000000000000,0.604406787097,0.000000000000,0.040207560420
2.330607000000,-1.464973605994,-0.651565844180,0.000000000000,1.568387968917,0.000000000000,0.604426223323,0.000000000000,0.040207560420
2.340597000000,-1.468984296882,-0.649830210260,0.000000000000,1.566933647895,0.000000000000,0.604445248488,0.000000000000,0.040207560420
2.350578000000,-1.472979602836,-0.648114527658,0.000000000000,1.565493271680,0.000000000000,0.604463862475,0.000000000000,0.040207560420
2.360622000000,-1.476959592002,-0.646418314060,0.000000000000,1.564066774386,0.000000000000,0.604482065743,0.000000000000,0.040207560420
2.370608000000,-1.480924325125,-0.644741072165,0.000000000000,1.562654061750,0.000000000000,0.604499859331,0.000000000000,0.040207560420
2.380625000000,-1.484873854616,-0.643082288777,0.000000000000,1.561255012566,0.000000000000,0.604517244809,0.000000000000,0.040207560420
2.390596000000,-1.488808224933,-0.641441439199,0.000000000000,1.559869479733,0.000000000000,0.604534224262,0.000000000000,0.040207560420
2.400624000000,-1.492727471466,-0.639817985246,0.000000000000,1.558497291075,0.000000000000,0.604550800242,0.000000000000,0.040207560420
2.410614000000,-1.496631621300,-0.638211380360,0.000000000000,1.557138250825,0.000000000000,0.604566975759,0.000000000000,0.040207560420
2.420623000000,-1.500520692564,-0.636621069008,0.000000000000,1.555792140414,0.000000000000,0.604582754243,0.000000000000,0.040207560420
2.430630000000,-1.504394694635,-0.635046488984,0.000000000000,1.554458719784,0.000000000000,0.604598139521,0.000000000000,0.040207560420
2.440627000000,-1.508253628289,-0.633487073190,0.000000000000,1.553137728711,0.000000000000,0.604613135788,0.000000000000,0.040207560420
2.450662000000,-1.512097485135,-0.631942248931,0.000000000000,1.551828887240,0.000000000000,0.604627747588,0.000000000000,0.040207560420
2.460700000000,-1.515926248191,-0.630411440700,0.000000000000,1.550531897364,0.000000000000,0.604641979786,0.000000000000,0.040207560420
2.470689000000,-1.519739892902,-0.628894073754,0.000000000000,1.549246445378,0.000000000000,0.604655837536,0.000000000000,0.040207560420
2.480602000000,-1.523538387940,-0.627389576594,0.000000000000,1.547972204013,0.000000000000,0.604669326249,0.000000000000,0.040207560420
2.490651000000,-1.527321691908,-0.625897372431,0.000000000000,1.546708828793,0.000000000000,0.604682451610,0.000000000000,0.040207560420
2.500297000000,-1.531089763259,-0.624416905017,0.000000000000,1.545455972865,0.000000000000,0.604695219428,0.000000000000,0.040207560420
2.510441000000,-1.534842544220,-0.622947598025,0.000000000000,1.544213264877,0.000000000000,0.604707635846,0.000000000000,0.040207560420
2.520508000000,-1.538579971551,-0.621488882663,0.000000000000,1.542980324987,0.000000000000,0.604719707171,0.000000000000,0.040207560420
2.530534000000,-1.542301976350,-0.620040196923,0.000000000000,1.541756765329,0.000000000000,0.604731439869,0.000000000000,0.040207560420
2.540699000000,-1.546008480716,-0.618600978108,0.000000000000,1.540542185723,0.000000000000,0.604742840600,0.000000000000,0.040207560420
2.550649000000,-1.549699405669,-0.617170680127,0.000000000000,1.539336186018,0.000000000000,0.604753916083,0.000000000000,0.040207560420
2.560693000000,-1.553374665000,-0.615748759869,0.000000000000,1.538138357531,0.000000000000,0.604764673180,0.000000000000,0.040207560420
2.570835000000,-1.557034165474,-0.614334677872,0.000000000000,1.536948283882,0.000000000000,0.604775118888,0.000000000000,0.040207560420
2.580772000000,-1.560677814265,-0.612927912869,0.000000000000,1.535765552504,0.000000000000,0.604785260203,0.000000000000,0.040207560420
2.590330000000,-1.564305523820,-0.611527969860,0.000000000000,1.534589762208,0.000000000000,0.604795104022,0.000000000000,0.040207560420
2.600500000000,-1.567917188538,-0.610134336140,0.000000000000,1.533420489190,0.000000000000,0.604804657547,0.000000000000,0.040207560420
2.610501000000,-1.571512703923,-0.608746517176,0.000000000000,1.532257315682,0.000000000000,0.604813927945,0.000000000000,0.040207560420
2.620542000000,-1.575091961924,-0.607364027774,0.000000000000,1.531099823470,0.000000000000,0.604822922423,0.000000000000,0.040207560420
2.630517000000,-1.578654854026,-0.605986397127,0.000000000000,1.529947598712,0.000000000000,0.604831648168,0.000000000000,0.040207560420
2.640551000000,-1.582201268497,-0.604613163893,0.000000000000,1.528800228265,0.000000000000,0.604840112392,0.000000000000,0.040207560420
2.650548000000,-1.585731093249,-0.603243880653,0.000000000000,1.527657304082,0.000000000000,0.604848322276,0.000000000000,0.040207560420
2.660714000000,-1.589244210871,-0.601878105958,0.000000000000,1.526518416493,0.000000000000,0.604856285059,0.000000000000,0.040207560420
2.670666000000,-1.592740509018,-0.600515420049,0.000000000000,1.525383169016,0.000000000000,0.604864007843,0.000000000000,0.040207560420
2.680672000000,-1.596219873751,-0.599155414295,0.000000000000,1.524251169215,0.000000000000,0.604871497714,0.000000000000,0.040207560420
2.690598000000,-1.599682193417,-0.597797696549,0.000000000000,1.523122034216,0.000000000000,0.604878761668,0.000000000000,0.040207560420
2.701702000000,-1.603127325681,-0.596441845929,0.000000000000,1.521995346827,0.000000000000,0.604885807210,0.000000000000,0.040207560420
2.710608000000,-1.606555187483,-0.595087534678,0.000000000000,1.520870775642,0.000000000000,0.604892640713,0.000000000000,0.040207560420
2.720601000000,-1.609965667825,-0.593734409632,0.000000000000,1.519747958937,0.000000000000,0.604899269007,0.000000000000,0.040207560420
2.730580000000,-1.613358657474,-0.592382132142,0.000000000000,1.518626544326,0.000000000000,0.604905698834,0.000000000000,0.040207560420
2.740597000000,-1.616734047850,-0.591030376437,0.000000000000,1.517506187430,0.000000000000,0.604911936869,0.000000000000,0.040207560420
2.750611000000,-1.620091732361,-0.589678831028,0.000000000000,1.516386553675,0.000000000000,0.604917989695,0.000000000000,0.040207560420
2.760614000000,-1.623431606853,-0.588327198931,0.000000000000,1.515267318874,0.000000000000,0.604923863793,0.000000000000,0.040207560420
2.770601000000,-1.626753569936,-0.586975197722,0.000000000000,1.514148169646,0.000000000000,0.604929565537,0.000000000000,0.040207560420
2.780625000000,-1.630057521810,-0.585622557971,0.000000000000,1.513028802018,0.000000000000,0.604935101215,0.000000000000,0.040207560420
2.790671000000,-1.633343364853,-0.584269023671,0.000000000000,1.511908922171,0.000000000000,0.604940477016,0.000000000000,0.040207560420
2.800624000000,-1.636611006739,-0.582914355065,0.000000000000,1.510788249969,0.000000000000,0.604945698976,0.000000000000,0.040207560420
2.810603000000,-1.639860357504,-0.581558325328,0.000000000000,1.509666515517,0.000000000000,0.604950773031,0.000000000000,0.040207560420
2.820613000000,-1.643091329579,-0.580200720380,0.000000000000,1.508543459195,0.000000000000,0.604955705014,0.000000000000,0.040207560420
2.830588000000,-1.646303839575,-0.578841340231,0.000000000000,1.507418833530,0.000000000000,0.604960500626,0.000000000000,0.040207560420
2.840606000000,-1.649497806449,-0.577479997056,0.000000000000,1.506292401161,0.000000000000,0.604965165468,0.000000000000,0.040207560420
2.850623000000,-1.652673152711,-0.576116515967,0.000000000000,1.505163936027,0.000000000000,0.604969705019,0.000000000000,0.040207560420
2.860608000000,-1.655829805248,-0.574750735336,0.000000000000,1.504033224070,0.000000000000,0.604974124623,0.000000000000,0.040207560420
2.870670000000,-1.658967692786,-0.573382504554,0.000000000000,1.502900060628,0.000000000000,0.604978429535,0.000000000000,0.040207560420
2.880599000000,-1.662086750941,-0.572011687398,0.000000000000,1.501764255122,0.000000000000,0.604982624830,0.000000000000,0.040207560420
2.890595000000,-1.665186917512,-0.570638158303,0.000000000000,1.500625626423,0.000000000000,0.604986715490,0.000000000000,0.040207560420
2.900610000000,-1.668268133684,-0.569261802955,0.000000000000,1.499484003883,0.000000000000,0.604990706380,0.000000000000,0.040207560420
2.910632000000,-1.671330344358,-0.567882518211,0.000000000000,1.498339227473,0.000000000000,0.604994602246,0.000000000000,0.040207560420
2.920600000000,-1.674373499529,-0.566500212546,0.000000000000,1.497191148746,0.000000000000,0.604998407689,0.000000000000,0.040207560420
2.930637000000,-1.677397551555,-0.565114804208,0.000000000000,1.496039628405,0.000000000000,0.605002127215,0.000000000000,0.040207560420
2.940635000000,-1.680402457568,-0.563726222198,0.000000000000,1.494884538068,0.000000000000,0.605005765192,0.000000000000,0.040207560420
2.950626000000,-1.683388178747,-0.562334405538,0.000000000000,1.493725759463,0.000000000000,0.605009325870,0.000000000000,0.040207560420
2.960625000000,-1.686354679993,-0.560939302801,0.000000000000,1.492563183991,0.000000000000,0.605012813376,0.000000000000,0.040207560420
2.970606000000,-1.689301930455,-0.559540871996,0.000000000000,1.491396712876,0.000000000000,0.605016231718,0.000000000000,0.040207560420
2.980598000000,-1.692229902912,-0.558139080003,0.000000000000,1.490226256530,0.000000000000,0.605019584787,0.000000000000,0.040207560420
2.990604000000,-1.695138573698,-0.556733902255,0.000000000000,1.489051734305,0.000000000000,0.605022876365,0.000000000000,0.040207560420
3.000601000000,-1.698027923135,-0.555325322560,0.000000000000,1.487873074554,0.000000000000,0.605026110116,0.000000000000,0.040207560420
3.011279000000,-1.700897922409,-0.553913329823,0.000000000000,1.486690207222,0.000000000000,0.605029289794,0.000000000000,0.040207560420
3.020612000000,-1.703748572076,-0.552497926372,0.000000000000,1.485503084644,0.000000000000,0.605032418638,0.000000000000,0.040207560420
3.030607000000,-1.706579863711,-0.551079119041,0.000000000000,1.484311660376,0.000000000000,0.605035499978,0.000000000000,0.040207560420
3.040633000000,-1.709391791978,-0.549656921624,0.000000000000,1.483115895615,0.000000000000,0.605038537044,0.000000000000,0.040207560420
3.050572000000,-1.712184356699,-0.548231354805,0.000000000000,1.481915759882,0.000000000000,0.605041532937,0.000000000000,0.040207560420
3.060636000000,-1.714957559037,-0.546802445504,0.000000000000,1.480711229164,0.000000000000,0.605044490685,0.000000000000,0.040207560420
3.070683000000,-1.717711403997,-0.545370226844,0.000000000000,1.479502286783,0.000000000000,0.605047413209,0.000000000000,0.040207560420
3.080609000000,-1.720445902067,-0.543934737771,0.000000000000,1.478288923660,0.000000000000,0.605050303300,0.000000000000,0.040207560420
3.090504000000,-1.723161067557,-0.542496022646,0.000000000000,1.477071137400,0.000000000000,0.605053163643,0.000000000000,0.040207560420
3.100289000000,-1.725856919760,-0.541054130794,0.000000000000,1.475848932320,0.000000000000,0.605055996802,0.000000000000,0.040207560420
3.111236000000,-1.728533462996,-0.539609118736,0.000000000000,1.474622314573,0.000000000000,0.605058805510,0.000000000000,0.040207560420
3.120522000000,-1.731190730808,-0.538161044297,0.000000000000,1.473391302158,0.000000000000,0.605061592031,0.000000000000,0.040207560420
3.130525000000,-1.733828748628,-0.536709971278,0.000000000000,1.472155916237,0.000000000000,0.605064358701,0.000000000000,0.040207560420
3.140600000000,-1.736447543907,-0.535255967929,0.000000000000,1.470916183281,0.000000000000,0.605067107782,0.000000000000,0.040207560420
3.150567000000,-1.739047148693,-0.533799106066,0.000000000000,1.469672135178,0.000000000000,0.605069841423,0.000000000000,0.040207560420
3.160603000000,-1.741627596979,-0.532339461483,0.000000000000,1.468423808704,0.000000000000,0.605072561706,0.000000000000,0.040207560420
3.170562000000,-1.744188926696,-0.530877113089,0.000000000000,1.467171245442,0.000000000000,0.605075270611,0.000000000000,0.040207560420
3.180580000000,-1.746731177754,-0.529412143308,0.000000000000,1.465914491482,0.000000000000,0.605077970052,0.000000000000,0.040207560420
3.190551000000,-1.749254393414,-0.527944637329,0.000000000000,1.464653597216,0.000000000000,0.605080661850,0.000000000000,0.040207560420
3.200594000000,-1.751758618657,-0.526474683555,0.000000000000,1.463388617208,0.000000000000,0.605083347767,0.000000000000,0.040207560420
3.210605000000,-1.754243901478,-0.525002372814,0.000000000000,1.462119609913,0.000000000000,0.605086029479,0.000000000000,0.040207560420
3.220617000000,-1.756710292388,-0.523527798348,0.000000000000,1.460846637507,0.000000000000,0.605088708590,0.000000000000,0.040207560420
3.230595000000,-1.759157844755,-0.522051055380,0.000000000000,1.459569765606,0.000000000000,0.605091386628,0.000000000000,0.040207560420
3.240649000000,-1.761586613432,-0.520572241698,0.000000000000,1.458289063349,0.000000000000,0.605094065061,0.000000000000,0.040207560420
3.250656000000,-1.763996656151,-0.519091456613,0.000000000000,1.457004602907,0.000000000000,0.605096745283,0.000000000000,0.040207560420
3.260625000000,-1.766388033310,-0.517608800824,0.000000000000,1.455716459285,0.000000000000,0.605099428616,0.000000000000,0.040207560420
3.270619000000,-1.768760807189,-0.516124376734,0.000000000000,1.454424710352,0.000000000000,0.605102116321,0.000000000000,0.040207560420
3.280676000000,-1.771115041512,-0.514638288620,0.000000000000,1.453129436863,0.000000000000,0.605104809604,0.000000000000,0.040207560420
3.290548000000,-1.773450803971,-0.513150640429,0.000000000000,1.451830721225,0.000000000000,0.605107509589,0.000000000000,0.040207560420
3.300495000000,-1.775768163406,-0.511661537780,0.000000000000,1.450528648435,0.000000000000,0.605110217350,0.000000000000,0.040207560420
3.310546000000,-1.778067189519,-0.510171088120,0.000000000000,1.449223306146,0.000000000000,0.605112933914,0.000000000000,0.040207560420
3.320658000000,-1.780347953307,-0.508679400253,0.000000000000,1.447914784365,0.000000000000,0.605115660260,0.000000000000,0.040207560420
3.330595000000,-1.782610529228,-0.507186582079,0.000000000000,1.446603174016,0.000000000000,0.605118397294,0.000000000000,0.040207560420
3.340621000000,-1.784854992618,-0.505692742858,0.000000000000,1.445288568238,0.000000000000,0.605121145877,0.000000000000,0.040207560420
3.350590000000,-1.787081420981,-0.504197991751,0.000000000000,1.443971061411,0.000000000000,0.605123906816,0.000000000000,0.040207560420
3.360615000000,-1.789289892914,-0.502702438768,0.000000000000,1.442650749714,0.000000000000,0.605126680872,0.000000000000,0.040207560420
3.370606000000,-1.791480488841,-0.501206193815,0.000000000000,1.441327730437,0.000000000000,0.605129468755,0.000000000000,0.040207560420
3.380711000000,-1.793653289722,-0.499709368027,0.000000000000,1.440002102851,0.000000000000,0.605132271139,0.000000000000,0.040207560420
3.390778000000,-1.795808378284,-0.498212072200,0.000000000000,1.438673967087,0.000000000000,0.605135088649,0.000000000000,0.040207560420
3.400358000000,-1.797945842397,-0.496714412188,0.000000000000,1.437343420758,0.000000000000,0.605137921830,0.000000000000,0.040207560420
3.410429000000,-1.800065767331,-0.495216498614,0.000000000000,1.436010565853,0.000000000000,0.605140771223,0.000000000000,0.040207560420
3.421732000000,-1.802168230621,-0.493718454418,0.000000000000,1.434675514476,0.000000000000,0.605143637407,0.000000000000,0.040207560420
3.430444000000,-1.804253330032,-0.492220375716,0.000000000000,1.433338359691,0.000000000000,0.605146520754,0.000000000000,0.040207560420
3.440519000000,-1.806321154426,-0.490722372253,0.000000000000,1.431999205571,0.000000000000,0.605149421684,0.000000000000,0.040207560420
3.450546000000,-1.808371794102,-0.489224552823,0.000000000000,1.430658156295,0.000000000000,0.605152340581,0.000000000000,0.040207560420
3.460573000000,-1.810405340393,-0.487727025696,0.000000000000,1.429315316437,0.000000000000,0.605155277790,0.000000000000,0.040207560420
3.470641000000,-1.812421885356,-0.486229898986,0.000000000000,1.427970791219,0.000000000000,0.605158233625,0.000000000000,0.040207560420
3.480620000000,-1.814421522554,-0.484733279228,0.000000000000,1.426624685347,0.000000000000,0.605161208363,0.000000000000,0.040207560420
3.490632000000,-1.816404346215,-0.483237272604,0.000000000000,1.425277103946,0.000000000000,0.605164202251,0.000000000000,0.040207560420
3.500637000000,-1.818370451439,-0.481741984473,0.000000000000,1.423928152150,0.000000000000,0.605167215502,0.000000000000,0.040207560420
3.510616000000,-1.820319934258,-0.480247519117,0.000000000000,1.422577934862,0.000000000000,0.605170248304,0.000000000000,0.040207560420
3.521981000000,-1.822252883722,-0.478753994648,0.000000000000,1.421226569111,0.000000000000,0.605173300858,0.000000000000,0.040207560420
3.530601000000,-1.824169404903,-0.477261499087,0.000000000000,1.419874147501,0.000000000000,0.605176373248,0.000000000000,0.040207560420
3.540616000000,-1.826069595693,-0.475770134436,0.000000000000,1.418520774839,0.000000000000,0.605179465579,0.000000000000,0.040207560420
3.550664000000,-1.827953554420,-0.474280002080,0.000000000000,1.417166555964,0.000000000000,0.605182577929,0.000000000000,0.040207560420
3.560695000000,-1.829821380077,-0.472791202216,0.000000000000,1.415811595245,0.000000000000,0.605185710353,0.000000000000,0.040207560420
3.570640000000,-1.831673172601,-0.471303833092,0.000000000000,1.414455995887,0.000000000000,0.605188862881,0.000000000000,0.040207560420
3.580676000000,-1.833509031963,-0.469817992861,0.000000000000,1.413099861506,0.000000000000,0.605192035523,0.000000000000,0.040207560420
3.590646000000,-1.835329058890,-0.468333777877,0.000000000000,1.411743294629,0.000000000000,0.605195228264,0.000000000000,0.040207560420
3.600651000000,-1.837133354347,-0.466851283751,0.000000000000,1.410386397583,0.000000000000,0.605198441072,0.000000000000,0.040207560420
3.610614000000,-1.838922019850,-0.465370604508,0.000000000000,1.409029271736,0.000000000000,0.605201673892,0.000000000000,0.040207560420
3.620613000000,-1.840695157084,-0.463891833391,0.000000000000,1.407672018179,0.000000000000,0.605204926653,0.000000000000,0.040207560420
3.630616000000,-1.842452868015,-0.462415062497,0.000000000000,1.406314737390,0.000000000000,0.605208199265,0.000000000000,0.040207560420
3.640643000000,-1.844195254778,-0.460940382971,0.000000000000,1.404957529382,0.000000000000,0.605211491620,0.000000000000,0.040207560420
3.650598000000,-1.845922420022,-0.459467883987,0.000000000000,1.403600492759,0.000000000000,0.605214803596,0.000000000000,0.040207560420
3.660625000000,-1.847634466314,-0.457997654232,0.000000000000,1.402243726045,0.000000000000,0.605218135053,0.000000000000,0.040207560420
3.670661000000,-1.849331496363,-0.456529781237,0.000000000000,1.400887327057,0.000000000000,0.605221485837,0.000000000000,0.040207560420
3.680587000000,-1.851013613409,-0.455064350132,0.000000000000,1.399531391739,0.000000000000,0.605224855780,0.000000000000,0.040207560420
3.690650000000,-1.852680920316,-0.453601446193,0.000000000000,1.398176016487,0.000000000000,0.605228244698,0.000000000000,0.040207560420
3.700526000000,-1.854333520661,-0.452141151498,0.000000000000,1.396821295035,0.000000000000,0.605231652399,0.000000000000,0.040207560420
3.710427000000,-1.855971517964,-0.450683547116,0.000000000000,1.395467320460,0.000000000000,0.605235078674,0.000000000000,0.040207560420
3.720422000000,-1.857595015456,-0.449228713785,0.000000000000,1.394114185809,0.000000000000,0.605238523306,0.000000000000,0.040207560420
3.731399000000,-1.859204113406,-0.447776740801,0.000000000000,1.392761992507,0.000000000000,0.605241986060,0.000000000000,0.040207560420
3.740539000000,-1.860798917637,-0.446327697620,0.000000000000,1.391410823466,0.000000000000,0.605245466701,0.000000000000,0.040207560420
3.750701000000,-1.862379530842,-0.444881662710,0.000000000000,1.390060770391,0.000000000000,0.605248964977,0.000000000000,0.040207560420
3.760444000000,-1.863946056828,-0.443438709061,0.000000000000,1.388711919989,0.000000000000,0.605252480632,0.000000000000,0.040207560420
3.770336000000,-1.865498598860,-0.441998909866,0.000000000000,1.387364359380,0.000000000000,0.605256013398,0.000000000000,0.040207560420
3.780501000000,-1.867037259355,-0.440562339692,0.000000000000,1.386018177228,0.000000000000,0.605259562998,0.000000000000,0.040207560420
3.790494000000,-1.868562141055,-0.439129070090,0.000000000000,1.384673459500,0.000000000000,0.605263129148,0.000000000000,0.040207560420
3.800553000000,-1.870073346383,-0.437699171939,0.000000000000,1.383330291714,0.000000000000,0.605266711557,0.000000000000,0.040207560420
3.810494000000,-1.871570977867,-0.436272713666,0.000000000000,1.381988757191,0.000000000000,0.605270309927,0.000000000000,0.040207560420
3.820512000000,-1.873055137654,-0.434849763136,0.000000000000,1.380648938889,0.000000000000,0.605273923953,0.000000000000,0.040207560420
3.831328000000,-1.874525925910,-0.433430394443,0.000000000000,1.379310926071,0.000000000000,0.605277553315,0.000000000000,0.040207560420
3.840468000000,-1.875983446289,-0.432014664487,0.000000000000,1.377974791247,0.000000000000,0.605281197708,0.000000000000,0.040207560420
3.850500000000,-1.877427800207,-0.430602637369,0.000000000000,1.376640614172,0.000000000000,0.605284856812,0.000000000000,0.040207560420
3.860506000000,-1.878859088866,-0.429194375653,0.000000000000,1.375308473228,0.000000000000,0.605288530302,0.000000000000,0.040207560420
3.870493000000,-1.880277413223,-0.427789940448,0.000000000000,1.373978445493,0.000000000000,0.605292217849,0.000000000000,0.040207560420
3.880530000000,-1.881682873841,-0.426389392042,0.000000000000,1.372650607363,0.000000000000,0.605295919118,0.000000000000,0.040207560420
3.890530000000,-1.883075571039,-0.424992789110,0.000000000000,1.371325033751,0.000000000000,0.605299633772,0.000000000000,0.040207560420
3.900496000000,-1.884455604870,-0.423600188761,0.000000000000,1.370001798119,0.000000000000,0.605303361472,0.000000000000,0.040207560420
3.910449000000,-1.885823075060,-0.422211646739,0.000000000000,1.368680972669,0.000000000000,0.605307101876,0.000000000000,0.040207560420
3.920461000000,-1.887178080879,-0.420827218076,0.000000000000,1.367362628991,0.000000000000,0.605310854637,0.000000000000,0.040207560420
3.930530000000,-1.888520721137,-0.419446957061,0.000000000000,1.366046838027,0.000000000000,0.605314619408,0.000000000000,0.040207560420
3.940439000000,-1.889851094523,-0.418070915347,0.000000000000,1.364733668139,0.000000000000,0.605318395839,0.000000000000,0.040207560420
3.950482000000,-1.891169299122,-0.416699144543,0.000000000000,1.363423187734,0.000000000000,0.605322183578,0.000000000000,0.040207560420
3.960466000000,-1.892475432708,-0.415331694533,0.000000000000,1.362115463544,0.000000000000,0.605325982273,0.000000000000,0.040207560420
3.970483000000,-1.893769592596,-0.413968614285,0.000000000000,1.360810561440,0.000000000000,0.605329791569,0.000000000000,0.040207560420
3.980468000000,-1.895051875720,-0.412609951302,0.000000000000,1.359508545865,0.000000000000,0.605333611112,0.000000000000,0.040207560420
3.990488000000,-1.896322378536,-0.411255752203,0.000000000000,1.358209480421,0.000000000000,0.605337440545,0.000000000000,0.040207560420
4.000461000000,-1.897581197122,-0.409906062042,0.000000000000,1.356913427161,0.000000000000,0.605341279513,0.000000000000,0.040207560420
4.010512000000,-1.898828427006,-0.408560925362,0.000000000000,1.355620447664,0.000000000000,0.605345127659,0.000000000000,0.040207560420
4.020561000000,-1.900064163263,-0.407220385531,0.000000000000,1.354330602348,0.000000000000,0.605348984625,0.000000000000,0.040207560420
4.031312000000,-1.901288499706,-0.405884490430,0.000000000000,1.353043956376,0.000000000000,0.605352850036,0.000000000000,0.040207560420
4.040432000000,-1.902501531542,-0.404553273610,0.000000000000,1.351760560052,0.000000000000,0.605356723559,0.000000000000,0.040207560420
4.050511000000,-1.903703352394,-0.403226775301,0.000000000000,1.350480470664,0.000000000000,0.605360604836,0.000000000000,0.040207560420
4.060482000000,-1.904894055518,-0.401905033765,0.000000000000,1.349203743478,0.000000000000,0.605364493515,0.000000000000,0.040207560420
4.070494000000,-1.906073733631,-0.400588086500,0.000000000000,1.347930432991,0.000000000000,0.605368389242,0.000000000000,0.040207560420
4.080537000000,-1.907242478920,-0.399275970161,0.000000000000,1.346660592842,0.000000000000,0.605372291663,0.000000000000,0.040207560420
4.090520000000,-1.908400383128,-0.397968719867,0.000000000000,1.345394275080,0.000000000000,0.605376200429,0.000000000000,0.040207560420
4.100667000000,-1.909547537334,-0.396666370932,0.000000000000,1.344131531975,0.000000000000,0.605380115185,0.000000000000,0.040207560420
4.110660000000,-1.910684032248,-0.395368956436,0.000000000000,1.342872413463,0.000000000000,0.605384035584,0.000000000000,0.040207560420
4.120412000000,-1.911809958254,-0.394076506638,0.000000000000,1.341616966503,0.000000000000,0.605387961287,0.000000000000,0.040207560420
4.130464000000,-1.912925404957,-0.392789053045,0.000000000000,1.340365239378,0.000000000000,0.605391891948,0.000000000000,0.040207560420
4.140488000000,-1.914030461455,-0.391506625940,0.000000000000,1.339117279079,0.000000000000,0.605395827224,0.000000000000,0.040207560420
4.150521000000,-1.915125216305,-0.390229254672,0.000000000000,1.337873131608,0.000000000000,0.605399766773,0.000000000000,0.040207560420
4.160548000000,-1.916209757537,-0.388956967561,0.000000000000,1.336632841867,0.000000000000,0.605403710257,0.000000000000,0.040207560420
4.170537000000,-1.917284172666,-0.387689791681,0.000000000000,1.335396453427,0.000000000000,0.605407657340,0.000000000000,0.040207560420
4.180592000000,-1.918348548617,-0.386427753618,0.000000000000,1.334164009325,0.000000000000,0.605411607688,0.000000000000,0.040207560420
4.190586000000,-1.919402971812,-0.385170878574,0.000000000000,1.332935551114,0.000000000000,0.605415560969,0.000000000000,0.040207560420
4.200794000000,-1.920447527991,-0.383919192302,0.000000000000,1.331711120919,0.000000000000,0.605419516850,0.000000000000,0.040207560420
4.210736000000,-1.921482302512,-0.382672717772,0.000000000000,1.330490757866,0.000000000000,0.605423475005,0.000000000000,0.040207560420
4.220709000000,-1.922507380156,-0.381431477271,0.000000000000,1.329274500327,0.000000000000,0.605427435114,0.000000000000,0.040207560420
4.230653000000,-1.923522845163,-0.380195492002,0.000000000000,1.328062385484,0.000000000000,0.605431396858,0.000000000000,0.040207560420
4.241778000000,-1.924528780597,-0.378964790132,0.000000000000,1.326854458011,0.000000000000,0.605435359888,0.000000000000,0.040207560420
4.250677000000,-1.925525270129,-0.377739384117,0.000000000000,1.325650745597,0.000000000000,0.605439323920,0.000000000000,0.040207560420
4.260705000000,-1.926512396277,-0.376519293112,0.000000000000,1.324451283131,0.000000000000,0.605443288644,0.000000000000,0.040207560420
4.270669000000,-1.927490241028,-0.375304535009,0.000000000000,1.323256104106,0.000000000000,0.605447253751,0.000000000000,0.040207560420
4.280700000000,-1.928458885776,-0.374095127303,0.000000000000,1.322065241547,0.000000000000,0.605451218937,0.000000000000,0.040207560420
4.290743000000,-1.929418411346,-0.372891086734,0.000000000000,1.320878727630,0.000000000000,0.605455183898,0.000000000000,0.040207560420
4.300668000000,-1.930368898050,-0.371692428490,0.000000000000,1.319696592803,0.000000000000,0.605459148338,0.000000000000,0.040207560420
4.310682000000,-1.931310425598,-0.370499167525,0.000000000000,1.318518867219,0.000000000000,0.605463111961,0.000000000000,0.040207560420
4.320681000000,-1.932243073142,-0.369311317914,0.000000000000,1.317345580035,0.000000000000,0.605467074475,0.000000000000,0.040207560420
4.330633000000,-1.933166919286,-0.368128892672,0.000000000000,1.316176759207,0.000000000000,0.605471035594,0.000000000000,0.040207560420
4.340684000000,-1.934082042033,-0.366951904659,0.000000000000,1.315012432474,0.000000000000,0.605474995030,0.000000000000,0.040207560420
4.350655000000,-1.934988518851,-0.365780365495,0.000000000000,1.313852626180,0.000000000000,0.605478952503,0.000000000000,0.040207560420
4.360642000000,-1.935886426637,-0.364614286166,0.000000000000,1.312697365920,0.000000000000,0.605482907734,0.000000000000,0.040207560420
4.370622000000,-1.936775841725,-0.363453676890,0.000000000000,1.311546676399,0.000000000000,0.605486860450,0.000000000000,0.040207560420
4.380707000000,-1.937656839859,-0.362298547778,0.000000000000,1.310400582159,0.000000000000,0.605490810377,0.000000000000,0.040207560420
4.390649000000,-1.938529496260,-0.361148907407,0.000000000000,1.309259105999,0.000000000000,0.605494757249,0.000000000000,0.040207560420
4.400718000000,-1.939393885552,-0.360004764389,0.000000000000,1.308122270707,0.000000000000,0.605498700799,0.000000000000,0.040207560420
4.410667000000,-1.940250081832,-0.358866125972,0.000000000000,1.306990097511,0.000000000000,0.605502640768,0.000000000000,0.040207560420
4.420646000000,-1.941098158629,-0.357732998908,0.000000000000,1.305862607037,0.000000000000,0.605506576901,0.000000000000,0.040207560420
4.430621000000,-1.941938188913,-0.356605389269,0.000000000000,1.304739819107,0.000000000000,0.605510508943,0.000000000000,0.040207560420
4.440642000000,-1.942770245088,-0.355483302735,0.000000000000,1.303621753048,0.000000000000,0.605514436644,0.000000000000,0.040207560420
4.450618000000,-1.943594399011,-0.354366744102,0.000000000000,1.302508427151,0.000000000000,0.605518359760,0.000000000000,0.040207560420
4.460616000000,-1.944410721982,-0.353255717661,0.000000000000,1.301399859088,0.000000000000,0.605522278046,0.000000000000,0.040207560420
4.470626000000,-1.945219284745,-0.352150227150,0.000000000000,1.300296065856,0.000000000000,0.605526191264,0.000000000000,0.040207560420
4.480637000000,-1.946020157492,-0.351050275703,0.000000000000,1.299197063723,0.000000000000,0.605530099178,0.000000000000,0.040207560420
4.490619000000,-1.946813409875,-0.349955865711,0.000000000000,1.298102868065,0.000000000000,0.605534001556,0.000000000000,0.040207560420
4.500618000000,-1.947599110992,-0.348866999065,0.000000000000,1.297013493645,0.000000000000,0.605537898170,0.000000000000,0.040207560420
4.510749000000,-1.948377329378,-0.347783677753,0.000000000000,1.295928955261,0.000000000000,0.605541788792,0.000000000000,0.040207560420
4.520712000000,-1.949148133052,-0.346705902335,0.000000000000,1.294849266065,0.000000000000,0.605545673202,0.000000000000,0.040207560420
4.530687000000,-1.949911589484,-0.345633672884,0.000000000000,1.293774438595,0.000000000000,0.605549551183,0.000000000000,0.040207560420
4.540659000000,-1.950667765610,-0.344566988917,0.000000000000,1.292704484703,0.000000000000,0.605553422521,0.000000000000,0.040207560420
4.551454000000,-1.951416727742,-0.343505853399,0.000000000000,1.291639420029,0.000000000000,0.605557286986,0.000000000000,0.040207560420
4.560693000000,-1.952158541815,-0.342450261211,0.000000000000,1.290579251106,0.000000000000,0.605561144390,0.000000000000,0.040207560420
4.570655000000,-1.952893273160,-0.341400210253,0.000000000000,1.289523987778,0.000000000000,0.605564994532,0.000000000000,0.040207560420
4.580690000000,-1.953620986569,-0.340355698268,0.000000000000,1.288473639637,0.000000000000,0.605568837211,0.000000000000,0.040207560420
4.590804000000,-1.954341746301,-0.339316722861,0.000000000000,1.287428216059,0.000000000000,0.605572672227,0.000000000000,0.040207560420
4.600681000000,-1.955055616108,-0.338283280049,0.000000000000,1.286387724566,0.000000000000,0.605576499391,0.000000000000,0.040207560420
4.610636000000,-1.955762659213,-0.337255365743,0.000000000000,1.285352172488,0.000000000000,0.605580318515,0.000000000000,0.040207560420
4.620715000000,-1.956462938309,-0.336232975949,0.000000000000,1.284321567194,0.000000000000,0.605584129410,0.000000000000,0.040207560420
4.630654000000,-1.957156515581,-0.335216105579,0.000000000000,1.283295914750,0.000000000000,0.605587931897,0.000000000000,0.040207560420
4.640708000000,-1.957843452694,-0.334204749608,0.000000000000,1.282275221225,0.000000000000,0.605591725795,0.000000000000,0.040207560420
4.651400000000,-1.958523810776,-0.333198905335,0.000000000000,1.281259495232,0.000000000000,0.605595510912,0.000000000000,0.040207560420
4.660687000000,-1.959197650497,-0.332198563494,0.000000000000,1.280248737915,0.000000000000,0.605599287092,0.000000000000,0.040207560420
4.670703000000,-1.959865031993,-0.331203717590,0.000000000000,1.279242953469,0.000000000000,0.605603054168,0.000000000000,0.040207560420
4.680690000000,-1.960526014898,-0.330214360589,0.000000000000,1.278242145406,0.000000000000,0.605606811972,0.000000000000,0.040207560420
4.690671000000,-1.961180658341,-0.329230485024,0.000000000000,1.277246316679,0.000000000000,0.605610560345,0.000000000000,0.040207560420
4.700701000000,-1.961829020956,-0.328252083236,0.000000000000,1.276255469947,0.000000000000,0.605614299127,0.000000000000,0.040207560420
4.710689000000,-1.962471160878,-0.327279146996,0.000000000000,1.275269607156,0.000000000000,0.605618028161,0.000000000000,0.040207560420
4.720681000000,-1.963107135751,-0.326311667715,0.000000000000,1.274288729766,0.000000000000,0.605621747297,0.000000000000,0.040207560420
4.730680000000,-1.963737002730,-0.325349636453,0.000000000000,1.273312838771,0.000000000000,0.605625456385,0.000000000000,0.040207560420
4.740731000000,-1.964360818479,-0.324393044111,0.000000000000,1.272341934906,0.000000000000,0.605629155277,0.000000000000,0.040207560420
4.750893000000,-1.964978639185,-0.323441881656,0.000000000000,1.271376018911,0.000000000000,0.605632843829,0.000000000000,0.040207560420
4.760609000000,-1.965590520543,-0.322496137964,0.000000000000,1.270415089079,0.000000000000,0.605636521906,0.000000000000,0.040207560420
4.770619000000,-1.966196517777,-0.321555802723,0.000000000000,1.269459144550,0.000000000000,0.605640189372,0.000000000000,0.040207560420
4.780617000000,-1.966796685633,-0.320620865240,0.000000000000,1.268508183952,0.000000000000,0.605643846093,0.000000000000,0.040207560420
4.790648000000,-1.967391078387,-0.319691314612,0.000000000000,1.267562205610,0.000000000000,0.605647491939,0.000000000000,0.040207560420
4.800671000000,-1.967979749846,-0.318767139584,0.000000000000,1.266621207366,0.000000000000,0.605651126781,0.000000000000,0.040207560420
4.810639000000,-1.968562753349,-0.317848328383,0.000000000000,1.265685186403,0.000000000000,0.605654750496,0.000000000000,0.040207560420
4.820686000000,-1.969140141774,-0.316934869217,0.000000000000,1.264754139804,0.000000000000,0.605658362963,0.000000000000,0.040207560420
4.830616000000,-1.969711967534,-0.316026749568,0.000000000000,1.263828063756,0.000000000000,0.605661964063,0.000000000000,0.040207560420
4.840630000000,-1.970278282590,-0.315123956933,0.000000000000,1.262906954384,0.000000000000,0.605665553681,0.000000000000,0.040207560420
4.850609000000,-1.970839138446,-0.314226478394,0.000000000000,1.261990807269,0.000000000000,0.605669131705,0.000000000000,0.040207560420
4.860644000000,-1.971394586159,-0.313334300953,0.000000000000,1.261079617824,0.000000000000,0.605672698025,0.000000000000,0.040207560420
4.870644000000,-1.971944676335,-0.312447411212,0.000000000000,1.260173380933,0.000000000000,0.605676252534,0.000000000000,0.040207560420
4.880694000000,-1.972489459140,-0.311565795677,0.000000000000,1.259272091296,0.000000000000,0.605679795126,0.000000000000,0.040207560420
4.890646000000,-1.973028984292,-0.310689440259,0.000000000000,1.258375742859,0.000000000000,0.605683325701,0.000000000000,0.040207560420
4.900653000000,-1.973563301073,-0.309818330802,0.000000000000,1.257484329418,0.000000000000,0.605686844161,0.000000000000,0.040207560420
4.910632000000,-1.974092458329,-0.308952452812,0.000000000000,1.256597844306,0.000000000000,0.605690350410,0.000000000000,0.040207560420
4.920660000000,-1.974616504477,-0.308091791711,0.000000000000,1.255716280692,0.000000000000,0.605693844354,0.000000000000,0.040207560420
4.930635000000,-1.975135487500,-0.307236332514,0.000000000000,1.254839631202,0.000000000000,0.605697325904,0.000000000000,0.040207560420
4.940680000000,-1.975649454961,-0.306386060233,0.000000000000,1.253967888383,0.000000000000,0.605700794970,0.000000000000,0.040207560420
4.950690000000,-1.976158453997,-0.305540959538,0.000000000000,1.253101044322,0.000000000000,0.605704251467,0.000000000000,0.040207560420
4.961385000000,-1.976662531371,-0.304701017003,0.000000000000,1.252239093215,0.000000000000,0.605707695299,0.000000000000,0.040207560420
4.970540000000,-1.977161733325,-0.303866214207,0.000000000000,1.251382023456,0.000000000000,0.605711126402,0.000000000000,0.040207560420
4.980545000000,-1.977656105746,-0.303036535179,0.000000000000,1.250529826174,0.000000000000,0.605714544698,0.000000000000,0.040207560420
4.990620000000,-1.978145694114,-0.302211963955,0.000000000000,1.249682492438,0.000000000000,0.605717950111,0.000000000000,0.040207560420
5.000636000000,-1.978630543498,-0.301392484196,0.000000000000,1.248840012810,0.000000000000,0.605721342566,0.000000000000,0.040207560420
5.010768000000,-1.979110698572,-0.300578079708,0.000000000000,1.248002377951,0.000000000000,0.605724721992,0.000000000000,0.040207560420
5.020710000000,-1.979586203593,-0.299768733553,0.000000000000,1.247169577593,0.000000000000,0.605728088321,0.000000000000,0.040207560420
5.030403000000,-1.980057102402,-0.298964427903,0.000000000000,1.246341600373,0.000000000000,0.605731441492,0.000000000000,0.040207560420
5.040459000000,-1.980523438470,-0.298165145813,0.000000000000,1.245518435873,0.000000000000,0.605734781443,0.000000000000,0.040207560420
5.050539000000,-1.980985254881,-0.297370870232,0.000000000000,1.244700073480,0.000000000000,0.605738108109,0.000000000000,0.040207560420
5.061443000000,-1.981442594391,-0.296581586219,0.000000000000,1.243886504944,0.000000000000,0.605741421416,0.000000000000,0.040207560420
5.070522000000,-1.981895499230,-0.295797273595,0.000000000000,1.243077715909,0.000000000000,0.605744721324,0.000000000000,0.040207560420
5.080483000000,-1.982344011309,-0.295017914495,0.000000000000,1.242273694615,0.000000000000,0.605748007779,0.000000000000,0.040207560420
5.090512000000,-1.982788172170,-0.294243491094,0.000000000000,1.241474429277,0.000000000000,0.605751280728,0.000000000000,0.040207560420
5.100497000000,-1.983228022971,-0.293473985299,0.000000000000,1.240679907734,0.000000000000,0.605754540120,0.000000000000,0.040207560420
5.110522000000,-1.983663604499,-0.292709378986,0.000000000000,1.239890117715,0.000000000000,0.605757785909,0.000000000000,0.040207560420
5.120470000000,-1.984094957166,-0.291949653689,0.000000000000,1.239105046492,0.000000000000,0.605761018047,0.000000000000,0.040207560420
5.130535000000,-1.984522121023,-0.291194791120,0.000000000000,1.238324681469,0.000000000000,0.605764236490,0.000000000000,0.040207560420
5.140494000000,-1.984945135747,-0.290444772588,0.000000000000,1.237549009516,0.000000000000,0.605767441197,0.000000000000,0.040207560420
5.150511000000,-1.985364040658,-0.289699579426,0.000000000000,1.236778017466,0.000000000000,0.605770632128,0.000000000000,0.040207560420
5.160594000000,-1.985778874724,-0.288959193014,0.000000000000,1.236011692136,0.000000000000,0.605773809243,0.000000000000,0.040207560420
5.170455000000,-1.986189676534,-0.288223594067,0.000000000000,1.235250019505,0.000000000000,0.605776972509,0.000000000000,0.040207560420
5.180529000000,-1.986596484344,-0.287492763715,0.000000000000,1.234492985970,0.000000000000,0.605780121889,0.000000000000,0.040207560420
5.190493000000,-1.986999336049,-0.286766682715,0.000000000000,1.233740577425,0.000000000000,0.605783257352,0.000000000000,0.040207560420
5.200522000000,-1.987398269203,-0.286045331877,0.000000000000,1.232992779761,0.000000000000,0.605786378868,0.000000000000,0.040207560420
5.210463000000,-1.987793321005,-0.285328691707,0.000000000000,1.232249578448,0.000000000000,0.605789486408,0.000000000000,0.040207560420
5.220514000000,-1.988184528323,-0.284616742875,0.000000000000,1.231510959083,0.000000000000,0.605792579945,0.000000000000,0.040207560420
5.230472000000,-1.988571927678,-0.283909465743,0.000000000000,1.230776906841,0.000000000000,0.605795659455,0.000000000000,0.040207560420
5.240463000000,-1.988955555256,-0.283206840665,0.000000000000,1.230047406821,0.000000000000,0.605798724914,0.000000000000,0.040207560420
5.250427000000,-1.989335446907,-0.282508847854,0.000000000000,1.229322443892,0.000000000000,0.605801776301,0.000000000000,0.040207560420
5.260469000000,-1.989711638158,-0.281815467616,0.000000000000,1.228602002970,0.000000000000,0.605804813595,0.000000000000,0.040207560420
5.271374000000,-1.990084164284,-0.281126682072,0.000000000000,1.227886071009,0.000000000000,0.605807836766,0.000000000000,0.040207560420
5.280560000000,-1.990453060082,-0.280442469481,0.000000000000,1.227174630421,0.000000000000,0.605810845808,0.000000000000,0.040207560420
5.290591000000,-1.990818360100,-0.279762809902,0.000000000000,1.226467665644,0.000000000000,0.605813840706,0.000000000000,0.040207560420
5.300430000000,-1.991180098550,-0.279087682920,0.000000000000,1.225765160497,0.000000000000,0.605816821448,0.000000000000,0.040207560420
5.310387000000,-1.991538309339,-0.278417068316,0.000000000000,1.225067098968,0.000000000000,0.605819788024,0.000000000000,0.040207560420
5.320405000000,-1.991893026063,-0.277750945939,0.000000000000,1.224373465064,0.000000000000,0.605822740422,0.000000000000,0.040207560420
5.330447000000,-1.992244282009,-0.277089295635,0.000000000000,1.223684242718,0.000000000000,0.605825678634,0.000000000000,0.040207560420
5.340559000000,-1.992592110160,-0.276432097332,0.000000000000,1.222999415906,0.000000000000,0.605828602650,0.000000000000,0.040207560420
5.350546000000,-1.992936543182,-0.275779330654,0.000000000000,1.222318968182,0.000000000000,0.605831512465,0.000000000000,0.040207560420
5.360654000000,-1.993277613449,-0.275130975418,0.000000000000,1.221642883268,0.000000000000,0.605834408072,0.000000000000,0.040207560420
5.370685000000,-1.993615353025,-0.274487011239,0.000000000000,1.220971144590,0.000000000000,0.605837289468,0.000000000000,0.040207560420
5.380726000000,-1.993949793676,-0.273847417713,0.000000000000,1.220303735488,0.000000000000,0.605840156651,0.000000000000,0.040207560420
5.390675000000,-1.994280966865,-0.273212174215,0.000000000000,1.219640638990,0.000000000000,0.605843009622,0.000000000000,0.040207560420
5.400679000000,-1.994608903767,-0.272581260196,0.000000000000,1.218981838149,0.000000000000,0.605845848380,0.000000000000,0.040207560420
5.410637000000,-1.994933635258,-0.271954654989,0.000000000000,1.218327315821,0.000000000000,0.605848672930,0.000000000000,0.040207560420
5.420689000000,-1.995255191939,-0.271332338072,0.000000000000,1.217677054976,0.000000000000,0.605851483274,0.000000000000,0.040207560420
5.430644000000,-1.995573604113,-0.270714288719,0.000000000000,1.217031038284,0.000000000000,0.605854279417,0.000000000000,0.040207560420
5.440595000000,-1.995888901801,-0.270100486173,0.000000000000,1.216389248323,0.000000000000,0.605857061366,0.000000000000,0.040207560420
5.450643000000,-1.996201114750,-0.269490909834,0.000000000000,1.215751667795,0.000000000000,0.605859829129,0.000000000000,0.040207560420
5.460642000000,-1.996510272425,-0.268885538994,0.000000000000,1.215118279218,0.000000000000,0.605862582712,0.000000000000,0.040207560420
5.470609000000,-1.996816404012,-0.268284352871,0.000000000000,1.214489064969,0.000000000000,0.605865322128,0.000000000000,0.040207560420
5.480599000000,-1.997119538426,-0.267687330713,0.000000000000,1.213864007400,0.000000000000,0.605868047386,0.000000000000,0.040207560420
5.490599000000,-1.997419704310,-0.267094451773,0.000000000000,1.213243088816,0.000000000000,0.605870758498,0.000000000000,0.040207560420
5.500605000000,-1.997716930041,-0.266505695305,0.000000000000,1.212626291465,0.000000000000,0.605873455478,0.000000000000,0.040207560420
